MEME version 4

ALPHABET= ACGT

strands: + -

Background letter frequencies
A 0.25 C 0.25 G 0.25 T 0.25

MOTIF MF0001.1 ETS class
letter-probability matrix: alength= 4 w= 8 nsites= 99 E= 0
 0.617500  0.084900  0.151800  0.145800
 0.104090  0.681932  0.172683  0.041296
 0.228600  0.652500  0.083000  0.035900
 0.019200  0.005000  0.947700  0.028100
 0.015500  0.003500  0.973200  0.007800
 0.986000  0.002500  0.008700  0.002800
 0.866600  0.025700  0.000000  0.107700
 0.234900  0.087100  0.640000  0.038000
URL http://jaspar2018.genereg.net/matrix/MF0001.1

MOTIF MF0002.1 bZIP CREB/G-box-like subclass
letter-probability matrix: alength= 4 w= 6 nsites= 100 E= 0
 0.000000  0.000000  0.000000  1.000000
 0.007400  0.000000  0.969700  0.022900
 1.000000  0.000000  0.000000  0.000000
 0.000000  0.940600  0.014800  0.044600
 0.000000  0.000000  1.000000  0.000000
 0.020602  0.103210  0.000000  0.876188
URL http://jaspar2018.genereg.net/matrix/MF0002.1

MOTIF MF0003.1 REL class
letter-probability matrix: alength= 4 w= 10 nsites= 99 E= 0
 0.000000  0.104600  0.797100  0.098300
 0.000000  0.022600  0.908500  0.068900
 0.014200  0.000000  0.937600  0.048200
 0.291900  0.022600  0.544900  0.140600
 0.423500  0.161600  0.152000  0.262900
 0.194400  0.032700  0.041500  0.731400
 0.014200  0.055000  0.027300  0.903500
 0.028400  0.270400  0.000000  0.701200
 0.021600  0.906700  0.000000  0.071700
 0.041100  0.911700  0.012800  0.034400
URL http://jaspar2018.genereg.net/matrix/MF0003.1

MOTIF MF0004.1 Nuclear Receptor class
letter-probability matrix: alength= 4 w= 6 nsites= 100 E= 0
 0.488700  0.035000  0.371000  0.105300
 0.031600  0.006900  0.866300  0.095200
 0.055806  0.023602  0.800680  0.119912
 0.145500  0.047400  0.067700  0.739400
 0.131600  0.777200  0.040800  0.050400
 0.743600  0.173900  0.066200  0.016300
URL http://jaspar2018.genereg.net/matrix/MF0004.1

MOTIF MF0005.1 Forkhead class
letter-probability matrix: alength= 4 w= 9 nsites= 100 E= 0
 0.030600  0.024200  0.000000  0.945200
 0.246000  0.000000  0.742900  0.011100
 0.000000  0.017900  0.007700  0.974400
 0.003500  0.010299  0.000000  0.986201
 0.013500  0.000000  0.086500  0.900000
 0.761000  0.000000  0.206500  0.032500
 0.022200  0.406800  0.063700  0.507300
 0.169200  0.103200  0.226200  0.501400
 0.066500  0.202800  0.115800  0.614900
URL http://jaspar2018.genereg.net/matrix/MF0005.1

MOTIF MF0006.1 bZIP cEBP-like subclass
letter-probability matrix: alength= 4 w= 9 nsites= 100 E= 0
 0.600100  0.086600  0.286200  0.027100
 0.027100  0.030900  0.012500  0.929500
 0.000000  0.013501  0.060306  0.926193
 0.404800  0.000000  0.541700  0.053500
 0.034800  0.776200  0.028500  0.160500
 0.502700  0.042100  0.426700  0.028500
 0.156816  0.206221  0.046505  0.590459
 0.651800  0.207300  0.058000  0.082900
 0.726527  0.074893  0.043696  0.154885
URL http://jaspar2018.genereg.net/matrix/MF0006.1

MOTIF MF0007.1 bHLH(zip) class
letter-probability matrix: alength= 4 w= 8 nsites= 100 E= 0
 0.613500  0.121200  0.229700  0.035600
 0.217822  0.350635  0.265527  0.166017
 0.037404  0.909591  0.014801  0.038204
 0.838684  0.011601  0.086409  0.063306
 0.040296  0.651535  0.210679  0.097490
 0.058100  0.257300  0.677900  0.006700
 0.050600  0.041300  0.001800  0.906300
 0.028500  0.000000  0.949600  0.021900
URL http://jaspar2018.genereg.net/matrix/MF0007.1

MOTIF MF0008.1 MADS class
letter-probability matrix: alength= 4 w= 10 nsites= 100 E= 0
 0.031800  0.910400  0.017600  0.040200
 0.011100  0.493800  0.013400  0.481700
 0.700370  0.074607  0.037504  0.187519
 0.177200  0.051900  0.053400  0.717500
 0.527300  0.008900  0.011000  0.452800
 0.164000  0.004400  0.004400  0.827200
 0.530300  0.020000  0.035800  0.413900
 0.179400  0.049900  0.032900  0.737800
 0.281200  0.000000  0.703700  0.015100
 0.053700  0.017800  0.845500  0.083000
URL http://jaspar2018.genereg.net/matrix/MF0008.1

MOTIF MF0009.1 TRP(MYB) class
letter-probability matrix: alength= 4 w= 8 nsites= 100 E= 0
 0.337266  0.028997  0.063494  0.570243
 0.257426  0.043504  0.366237  0.332833
 0.341500  0.038500  0.209800  0.410200
 0.058294  0.707829  0.053295  0.180582
 0.264000  0.199100  0.471200  0.065700
 0.015000  0.205600  0.716400  0.063000
 0.023300  0.010000  0.000000  0.966700
 0.018000  0.015200  0.012000  0.954800
URL http://jaspar2018.genereg.net/matrix/MF0009.1

MOTIF MF0010.1 Homeobox class
letter-probability matrix: alength= 4 w= 7 nsites= 99 E= 0
 0.752100  0.081600  0.064400  0.101900
 0.601060  0.034303  0.142914  0.221722
 0.052495  0.046495  0.034397  0.866613
 0.652200  0.022700  0.211900  0.113200
 0.808300  0.018600  0.108200  0.064900
 0.079100  0.009800  0.071700  0.839400
 0.127000  0.079100  0.080400  0.713500
URL http://jaspar2018.genereg.net/matrix/MF0010.1

MOTIF MF0011.1 HMG class
letter-probability matrix: alength= 4 w= 6 nsites= 100 E= 0
 0.604240  0.089991  0.000000  0.305769
 0.016802  0.063406  0.140314  0.779478
 0.016100  0.049600  0.009200  0.925100
 0.112900  0.066500  0.745300  0.075300
 0.122800  0.083800  0.031400  0.762000
 0.100500  0.175400  0.107000  0.617100
URL http://jaspar2018.genereg.net/matrix/MF0011.1

