MEME version 4

ALPHABET= ACGT

strands: + -

Background letter frequencies
A 0.25 C 0.25 G 0.25 T 0.25

MOTIF AHR_MOUSE.H10MO.B
letter-probability matrix: alength= 4 w= 9 nsites= 154
0.26314477735061276	0.11859745819448689	0.36641340309888065	0.25184436135601973
0.07065186803239253	0.07710428433167413	0.2251456131484061	0.6270982344875272
0.14105450572642986	0.2850314719772257	0.13449544731512686	0.4394185749812176
0.0165402342545919	0.008555293579961341	0.9474208905975482	0.027483581567898402
0.0	0.9766155308814389	0.009695999390622859	0.013688469727938113
0.022350405419921632	0.005133176147976808	0.9702350068107785	0.0022814116213230235
0.0	0.02235040541992163	0.004562823242646056	0.9730867713374324
0.0	0.0	1.0	0.0
0.279810224889837	0.43437346977265195	0.10496230952256	0.180853995814951
URL http://hocomoco.autosome.ru/motif/AHR_MOUSE.H10MO.B

MOTIF AIRE_MOUSE.H10MO.C
letter-probability matrix: alength= 4 w= 18 nsites= 41
0.39772727272727304	0.261363636363636	0.125	0.21590909090909102
0.181818181818182	0.181818181818182	0.136363636363636	0.5
0.1363636363636361	0.1363636363636361	0.2045454545454552	0.5227272727272725
0.04545454545454543	0.0	0.8863636363636365	0.06818181818181825
0.0	0.0	0.8181818181818178	0.18181818181818218
0.3181818181818183	0.04545454545454544	0.02272727272727272	0.6136363636363635
0.3863636363636362	0.09090909090909095	0.022727272727272714	0.5000000000000002
0.363636363636364	0.136363636363636	0.136363636363636	0.363636363636364
0.34090909090909094	0.06818181818181819	0.13636363636363596	0.45454545454545486
0.522727272727273	0.09090909090909091	0.13636363636363602	0.25000000000000006
0.38636363636363613	0.04545454545454542	0.06818181818181823	0.5000000000000002
0.22727272727272718	0.1363636363636361	0.06818181818181826	0.5681818181818185
0.0	0.022727272727272714	0.8863636363636365	0.09090909090909095
0.0	0.0	0.9772727272727273	0.02272727272727273
0.22727272727272704	0.09090909090909091	0.25000000000000006	0.4318181818181821
0.06818181818181819	0.18181818181818196	0.18181818181818196	0.5681818181818179
0.45454545454545414	0.02272727272727271	0.15909090909090906	0.3636363636363641
0.403409090909091	0.267045454545455	0.10795454545454498	0.221590909090909
URL http://hocomoco.autosome.ru/motif/AIRE_MOUSE.H10MO.C

MOTIF ALX1_MOUSE.H10MO.B
letter-probability matrix: alength= 4 w= 12 nsites= 31
0.4368327402135231	0.20907473309608504	0.2731316725978651	0.08096085409252671
0.06405693950177944	0.09608540925266906	0.0	0.8398576512455516
0.7722419928825621	0.03202846975088971	0.09964412811387902	0.09608540925266901
0.8683274021352312	0.06405693950177943	0.0	0.06761565836298931
0.0	0.09608540925266908	0.0	0.9039145907473308
0.03202846975088968	0.22775800711743782	0.12811387900355892	0.6120996441281136
0.483985765124555	0.0	0.516014234875445	0.0
0.35587188612099646	0.25622775800711733	0.35587188612099646	0.032028469750889736
0.775800711743772	0.0	0.128113879003559	0.096085409252669
0.09964412811387904	0.0	0.032028469750889715	0.8683274021352313
0.06405693950177942	0.03202846975088971	0.03202846975088971	0.8718861209964411
0.8291814946619216	0.056939501779359435	0.056939501779359435	0.056939501779359435
URL http://hocomoco.autosome.ru/motif/ALX1_MOUSE.H10MO.B

MOTIF ANDR_MOUSE.H10MO.B
letter-probability matrix: alength= 4 w= 16 nsites= 130
0.3102962374244052	0.03610074739572553	0.5607168274949914	0.09288618768487786
0.056211837176030344	0.03404806794828623	0.9097400948756835	0.0
0.420177463801919	0.0	0.2327101231158	0.347112413082281
0.7602263653206869	0.005684343085216548	0.09410745774414057	0.13998183384995597
0.01578984190337931	0.9507356932614567	0.027158528073812416	0.006315936761351724
0.7262942784984272	0.03600083953970481	0.10777055636706202	0.12993432559480603
0.090002098849262	0.272642349861344	0.385697617889539	0.251657933399855
0.31949626302137296	0.19303570264530998	0.32948578071350887	0.15798225361980797
0.3958031167077019	0.09335988294197918	0.31053797042945397	0.20029902992086496
0.1729986766980238	0.25306294590115375	0.05173269088007094	0.5222056865207514
0.0180004197698524	0.0454747446817324	0.925156149377982	0.0113686861704331
0.10226018497088492	0.014526654551108988	0.09588625764651981	0.7873269028314863
0.24471040296236812	0.017053029255649606	0.28917976656688416	0.44905680121509817
0.134355481327752	0.800906166868393	0.0192636071221227	0.0454747446817324
0.0839439683629647	0.273074127825438	0.0567854402891523	0.586196463522445
0.24402081872322	0.119255223663521	0.191514709017985	0.445209248595274
URL http://hocomoco.autosome.ru/motif/ANDR_MOUSE.H10MO.B

MOTIF AP2A_MOUSE.H10MO.A
letter-probability matrix: alength= 4 w= 9 nsites= 1930
0.015581565840122102	0.396063618672619	0.561151412510187	0.027203402977071904
0.006257239010249143	0.9278194290248784	0.050290807408484864	0.015632524556387556
0.013110784884503655	0.9064381933785389	0.04210882406413315	0.038342197672824166
0.03384825852912297	0.2170454247472418	0.08778211479668192	0.6613242019269533
0.0	0.0	0.902865022559904	0.09713497744009598
0.42571521763197645	0.15377680173284416	0.3844763124764124	0.036031668158767044
0.07504733072624528	0.015491290959566051	0.9045417236817103	0.0049196546324783855
0.01984807867391174	0.014785223543849856	0.9634913259337832	0.0018753718484551746
0.0654718981077008	0.5366217561764721	0.36185667930341103	0.0360496664124161
URL http://hocomoco.autosome.ru/motif/AP2A_MOUSE.H10MO.A

MOTIF AP2B_MOUSE.H10MO.B
letter-probability matrix: alength= 4 w= 10 nsites= 28
0.039525691699604716	0.0	0.7826086956521743	0.1778656126482211
0.0	0.648221343873518	0.245059288537549	0.106719367588933
0.0	0.9644268774703557	0.0	0.03557312252964432
0.11462450592885388	0.5731225296442685	0.0	0.3122529644268777
0.07509881422924895	0.035573122529644285	0.8893280632411067	0.0
0.32806324110671903	0.31620553359683806	0.355731225296443	0.0
0.07114624505928853	0.03557312252964432	0.8537549407114624	0.03952569169960472
0.0	0.0	1.0	0.0
0.19071146245059298	0.12351778656126498	0.676877470355731	0.008893280632411068
0.22233201581027676	0.44762845849802346	0.25395256916996073	0.07608695652173901
URL http://hocomoco.autosome.ru/motif/AP2B_MOUSE.H10MO.B

MOTIF AP2C_MOUSE.H10MO.A
letter-probability matrix: alength= 4 w= 9 nsites= 1599
0.0016952304976931099	0.38199789387310396	0.601066313676622	0.015240561952580998
0.0005261060165254478	0.9832081469448547	0.0004091935684086817	0.01585655347021113
0.015869067259333517	0.980180709114903	0.00013816925686526912	0.0038120543688981937
0.010008414119086807	0.23806982253458517	0.022214110686742512	0.7297076526595855
0.007924676941637922	0.0	0.8859652092424851	0.10611011381587701
0.36323419149491987	0.20668552152251593	0.3931073213575208	0.03697296562504328
0.1969914955641803	0.0003702227523697595	0.8018836649728781	0.0007546167105718541
0.019826262503994035	0.0003560515465374246	0.9783828513589446	0.0014348345905239523
0.047593458012240034	0.5584633951493133	0.35683769660678727	0.03710545023165933
URL http://hocomoco.autosome.ru/motif/AP2C_MOUSE.H10MO.A

MOTIF AP2D_MOUSE.H10MO.D
letter-probability matrix: alength= 4 w= 14 nsites= 5
0.23255813953488388	0.48837209302325574	0.23255813953488388	0.04651162790697668
0.0	0.0	1.0	0.0
0.0	0.627906976744186	0.186046511627907	0.186046511627907
0.0	1.0	0.0	0.0
0.0	0.604651162790698	0.0	0.395348837209302
0.0	0.0	1.0	0.0
0.395348837209302	0.232558139534884	0.372093023255814	0.0
0.0	0.0	1.0	0.0
0.0	0.0	1.0	0.0
0.0	0.813953488372093	0.186046511627907	0.0
0.186046511627907	0.232558139534884	0.395348837209302	0.186046511627907
0.0	0.813953488372093	0.186046511627907	0.0
0.0	0.186046511627907	0.813953488372093	0.0
0.04651162790697669	0.2325581395348839	0.04651162790697669	0.6744186046511628
URL http://hocomoco.autosome.ru/motif/AP2D_MOUSE.H10MO.D

MOTIF ARI3A_MOUSE.H10MO.D
letter-probability matrix: alength= 4 w= 22 nsites= 44
0.39064234359494804	0.09631028690080781	0.32582799169434506	0.18721937780989906
0.6818181818181821	0.09090909090909093	0.0	0.22727272727272704
0.112513874875959	0.0	0.0	0.8874861251240409
0.157968420330504	0.0	0.0	0.842031579669496
0.9545454545454546	0.04545454545454542	0.0	0.0
0.9329406705785869	0.0670593294214132	0.0	0.0
0.47615023851232213	0.0	0.023849761487677704	0.5000000000000001
0.0	0.40909090909090906	0.22727272727272704	0.363636363636364
0.29433205669414003	0.181818181818182	0.4329406705785871	0.09090909090909093
0.49999999999999994	0.04545454545454539	0.36363636363636387	0.0909090909090909
0.4545454545454542	0.04545454545454542	0.1579684203305041	0.34203157966949616
0.7295177047935371	0.0	0.09090909090909093	0.17957320429737203
0.1363636363636361	0.04545454545454544	0.09090909090909098	0.7272727272727275
0.1602133978513141	0.5693043069422233	0.045454545454545435	0.22502774975191714
0.7272727272727271	0.0	0.0	0.27272727272727304
0.7511224887604047	0.04545454545454538	0.0	0.2034229657850499
0.9545454545454546	0.0	0.0	0.04545454545454542
0.4090909090909092	0.0	0.045454545454545435	0.5454545454545453
0.11475885239676901	0.13636363636363602	0.09090909090909093	0.6579684203305041
0.5216047839668682	0.13636363636363602	0.023849761487677704	0.31818181818181807
0.6125138748759589	0.06930430694222318	0.0	0.31818181818181795
0.665614593843031	0.00540119599171693	0.0747055029339401	0.254278707231312
URL http://hocomoco.autosome.ru/motif/ARI3A_MOUSE.H10MO.D

MOTIF ARI3A_MOUSE.H10MO.S
letter-probability matrix: alength= 4 w= 7 nsites= 47
0.6049169689153646	0.05324744393452808	0.2459901880679569	0.09584539908215046
1.0	0.0	0.0	0.0
0.0	0.0	0.0	1.0
0.0	0.0	0.0	1.0
1.0	0.0	0.0	0.0
1.0	0.0	0.0	0.0
0.82960817940951	0.0	0.0	0.17039182059049
URL http://hocomoco.autosome.ru/motif/ARI3A_MOUSE.H10MO.S

MOTIF ARI5B_MOUSE.H10MO.C
letter-probability matrix: alength= 4 w= 13 nsites= 15
0.21666666666666695	0.08333333333333327	0.34999999999999987	0.34999999999999987
0.133333333333333	0.266666666666667	0.4	0.2
0.0	0.2666666666666667	0.1999999999999998	0.5333333333333334
0.0	0.133333333333333	0.333333333333333	0.533333333333334
0.3333333333333331	0.06666666666666672	0.3333333333333331	0.2666666666666671
0.19999999999999996	0.06666666666666668	0.6666666666666667	0.06666666666666668
0.0	0.0	0.0	1.0
0.866666666666667	0.0	0.133333333333333	0.0
0.0	0.133333333333333	0.0	0.866666666666667
0.0	0.06666666666666667	0.06666666666666667	0.8666666666666666
0.13333333333333305	0.2666666666666671	0.5333333333333332	0.06666666666666672
0.1333333333333329	0.06666666666666665	0.26666666666666683	0.5333333333333337
0.25	0.116666666666667	0.45	0.183333333333333
URL http://hocomoco.autosome.ru/motif/ARI5B_MOUSE.H10MO.C

MOTIF ARNT2_MOUSE.H10MO.D
letter-probability matrix: alength= 4 w= 12 nsites= 18
0.19325153374233112	0.08282208588957056	0.5858895705521473	0.1380368098159511
0.16564417177914117	0.28220858895705525	0.33128834355828235	0.22085889570552122
0.0	0.6625766871165647	0.22085889570552122	0.11656441717791412
0.0	0.05521472392638038	0.9447852760736196	0.0
0.0	0.0	0.05521472392638038	0.9447852760736196
0.0	0.05521472392638038	0.9447852760736196	0.0
0.05521472392638039	0.0	0.8834355828220859	0.061349693251533687
0.165644171779141	0.331288343558282	0.392638036809816	0.110429447852761
0.558282208588957	0.0	0.276073619631902	0.165644171779141
0.0	0.331288343558282	0.558282208588957	0.110429447852761
0.392638036809816	0.0	0.49693251533742294	0.110429447852761
0.13803680981595107	0.5858895705521472	0.1932515337423311	0.08282208588957053
URL http://hocomoco.autosome.ru/motif/ARNT2_MOUSE.H10MO.D

MOTIF ARNT_MOUSE.H10MO.B
letter-probability matrix: alength= 4 w= 8 nsites= 268
0.1028784126984869	0.24646072423230075	0.23664805816181975	0.41401280490739256
0.04705284558776663	0.5193860657897243	0.06161274077949584	0.3719483478430132
0.543561837046318	0.0	0.456438162953682	0.0
0.0	1.0	0.0	0.0
0.0	0.0	1.0	0.0
0.0	0.0	0.0	1.0
0.0	0.0	1.0	0.0
0.18779878934697491	0.5530922944113008	0.05338312626659638	0.20572578997512792
URL http://hocomoco.autosome.ru/motif/ARNT_MOUSE.H10MO.B

MOTIF ATF1_MOUSE.H10MO.B
letter-probability matrix: alength= 4 w= 10 nsites= 34
0.30629770992366406	0.3406488549618321	0.3406488549618321	0.012404580152671804
0.0	0.0	0.0	1.0
0.0	0.0	1.0	0.0
1.0	0.0	0.0	0.0
0.0	0.9694656488549618	0.030534351145038198	0.0
0.030534351145038198	0.0	0.9694656488549618	0.0
0.019083969465648887	0.07061068702290076	0.0	0.9103053435114504
0.08206106870229014	0.5629770992366413	0.26335877862595414	0.09160305343511453
0.7423664122137402	0.15648854961832084	0.06297709923664115	0.03816793893129766
0.193702290076336	0.392175572519084	0.29675572519084	0.11736641221374
URL http://hocomoco.autosome.ru/motif/ATF1_MOUSE.H10MO.B

MOTIF ATF2_MOUSE.H10MO.B
letter-probability matrix: alength= 4 w= 9 nsites= 90
0.2913793103448275	0.2417241379310346	0.36862068965517236	0.09827586206896544
0.0	0.0	0.0	1.0
0.0	0.02344827586206899	0.9517241379310346	0.02482758620689659
1.0	0.0	0.0	0.0
0.011034482758620697	0.7710344827586209	0.07862068965517248	0.13931034482758597
0.0	0.031724137931034485	0.9241379310344828	0.04413793103448278
0.05379310344827587	0.09379310344827596	0.02482758620689659	0.8275862068965516
0.3144827586206897	0.5179310344827586	0.08000000000000003	0.08758620689655172
0.785862068965517	0.08931034482758632	0.0658620689655173	0.05896551724137939
URL http://hocomoco.autosome.ru/motif/ATF2_MOUSE.H10MO.B

MOTIF ATF3_MOUSE.H10MO.A
letter-probability matrix: alength= 4 w= 9 nsites= 2036
0.22258523545205677	0.2119287704044278	0.43284332928168456	0.13264266486183088
0.007121820182039163	0.0043995302211510025	0.006012261240634503	0.9824663883561754
0.0014708106897689606	0.008824864138613733	0.9876335785426005	0.002070746629016821
0.968500137727448	0.00728954420806544	0.00451564685455381	0.0196946712099326
0.006463825926089871	0.6479847209879891	0.06759278248859249	0.27795867059732854
0.026541826596093613	0.06356095493988392	0.5505045459262363	0.3593926725377862
0.05372768344378361	0.5028341495315871	0.012798633370621102	0.4306395336540081
0.333978086434139	0.43830942106257903	0.12697812655775104	0.100734365945531
0.559788261284979	0.125719560960984	0.158723881568964	0.155768296185073
URL http://hocomoco.autosome.ru/motif/ATF3_MOUSE.H10MO.A

MOTIF ATOH1_MOUSE.H10MO.C
letter-probability matrix: alength= 4 w= 11 nsites= 500
0.5437592739662828	0.027401060152235278	0.39070177051557775	0.03813789536590417
0.29710088152388653	0.13493314883255542	0.5660715324106929	0.0018944372328652296
0.009557555680845226	0.9904424443191548	0.0	0.0
1.0	0.0	0.0	0.0
0.00401091510854223	0.0	0.9860066475195475	0.009982437371910374
0.5246654817571962	0.4436966398048819	0.03163787843792194	0.0
0.015590507886608936	0.004015809461073521	0.0	0.9803936826523176
0.0019128298160876647	0.0	0.9961396923878797	0.0019474777960326892
0.015876952368160675	0.06931845269302907	0.7563837659814737	0.15842082895733653
0.11367412759446321	0.44239541093032764	0.17112733553479934	0.2728031259404098
0.3964168953101115	0.2116454210181066	0.2484315385352671	0.14350614513651483
URL http://hocomoco.autosome.ru/motif/ATOH1_MOUSE.H10MO.C

MOTIF BACH1_MOUSE.H10MO.C
letter-probability matrix: alength= 4 w= 14 nsites= 8
0.136986301369863	0.246575342465753	0.0	0.616438356164384
0.10958904109589	0.0	0.89041095890411	0.0
0.0	1.0	0.0	0.0
0.0	0.10958904109589	0.0	0.89041095890411
0.0	0.0	1.0	0.0
0.89041095890411	0.0	0.0	0.10958904109589
0.0	0.24657534246575324	0.7534246575342468	0.0
0.0	0.0	0.0	1.0
0.0	1.0	0.0	0.0
1.0	0.0	0.0	0.0
0.13698630136986314	0.38356164383561636	0.0	0.4794520547945205
0.10958904109589011	0.0	0.7534246575342468	0.13698630136986314
0.0	0.26027397260274	0.63013698630137	0.10958904109589
0.0	0.0	0.0	1.0
URL http://hocomoco.autosome.ru/motif/BACH1_MOUSE.H10MO.C

MOTIF BARX2_MOUSE.H10MO.D
letter-probability matrix: alength= 4 w= 10 nsites= 14
0.14173228346456693	0.14173228346456693	0.07086614173228346	0.6456692913385826
0.0	0.433070866141732	0.141732283464567	0.425196850393701
0.4251968503937009	0.14173228346456698	0.291338582677165	0.14173228346456698
0.283464566929134	0.149606299212598	0.0	0.566929133858268
0.0	0.0	0.0	1.0
0.9291338582677166	0.0	0.07086614173228355	0.0
1.0	0.0	0.0	0.0
0.0	0.0	0.0	1.0
0.0	0.07086614173228355	0.43307086614173224	0.49606299212598426
0.35433070866141697	0.0	0.503937007874016	0.14173228346456698
URL http://hocomoco.autosome.ru/motif/BARX2_MOUSE.H10MO.D

MOTIF BATF_MOUSE.H10MO.B
letter-probability matrix: alength= 4 w= 10 nsites= 1878
0.411650875747768	0.30390548174780896	0.14335905318076297	0.14108458932366
0.04916409460739512	0.0	0.01035558697527012	0.9404803184173347
0.0	0.03468046147548059	0.8728133269747702	0.09250621154974917
0.958082219446556	0.0	0.0035964214817117966	0.03832135907173215
0.0	0.0	0.9373611504491358	0.06263884955086424
0.0005303519632248794	0.011034404772245305	0.035116053745843	0.9533191895186868
0.08809808473436986	0.9093819613723444	0.002519953893285666	0.0
0.9931333954709664	0.0	0.0	0.0068666045290335835
0.12301194930676888	0.14200593705105985	0.2618875219663628	0.4730945916758086
0.3874820058916468	0.18953513027715888	0.09286155609828264	0.33012130773291176
URL http://hocomoco.autosome.ru/motif/BATF_MOUSE.H10MO.B

MOTIF BCL6_MOUSE.H10MO.C
letter-probability matrix: alength= 4 w= 13 nsites= 500
0.29735595031040163	0.1228091221652502	0.19121266445593074	0.3886222630684174
0.09191286376389966	0.03195981463131033	0.06957839440036767	0.8065489272044224
0.08916664594911283	0.10962690434904156	0.0825208253680521	0.7186856243337936
0.08403659692545727	0.8261314304791298	0.04223253305258555	0.04759943954282737
0.06367483993929002	0.7812602586895799	0.012689540995895828	0.14237536037523427
0.0020512526846579965	0.021052786549363853	0.013205983918951813	0.9636899768470263
0.39458664213395894	0.038827772455135925	0.538945579701209	0.0276400057096961
0.12142351822885339	0.02211780769920386	0.848405336842433	0.008053337229509648
0.8625912144108547	0.03583387321218008	0.07441672564319388	0.027158186733771295
0.5447153305161812	0.13816061182848005	0.25357511155575124	0.06354894609958758
0.7241628624492911	0.039877951421047435	0.15270535679830075	0.08325382933136063
0.11900117714311477	0.04890733662226864	0.6251572639364986	0.20693422229811795
0.22852386542244507	0.4094584849451042	0.1379197921274765	0.22409785750497427
URL http://hocomoco.autosome.ru/motif/BCL6_MOUSE.H10MO.C

MOTIF BHE40_MOUSE.H10MO.B
letter-probability matrix: alength= 4 w= 9 nsites= 2037
0.1097576147313011	0.005546062557856915	0.5890167653629547	0.2956795573478873
0.0828199363453937	0.915872339909013	0.000667618876823478	0.000640104868769723
0.9795738774351068	0.020426122564893193	0.0	0.0
0.00159308331483643	0.944117724763308	0.0335869948384153	0.0207021970834402
0.050295804343228695	0.00205620859110081	0.9461253574102709	0.0015226296553995898
0.045139160101727596	0.026943292601033297	0.011683575078175199	0.9162339722190639
0.0	0.0	1.0	0.0
0.6861635530567476	0.1485825998621229	0.08501387813260625	0.08023996894852325
0.07463203453088467	0.5109522194115	0.3025744089426985	0.11184133711491681
URL http://hocomoco.autosome.ru/motif/BHE40_MOUSE.H10MO.B

MOTIF BHE41_MOUSE.H10MO.D
letter-probability matrix: alength= 4 w= 20 nsites= 10
0.38402061855670094	0.07474226804123708	0.16752577319587597	0.37371134020618596
0.0	0.5876288659793814	0.41237113402061853	0.0
0.2989690721649482	0.3092783505154642	0.2989690721649482	0.09278350515463926
0.402061855670103	0.10309278350515498	0.494845360824742	0.0
0.1030927835051549	0.1030927835051549	0.4123711340206186	0.38144329896907164
0.0	0.402061855670103	0.494845360824742	0.10309278350515498
0.0	0.494845360824742	0.0	0.505154639175258
0.0	1.0	0.0	0.0
0.7113402061855668	0.0	0.19587628865979392	0.09278350515463916
0.20618556701030896	0.5979381443298969	0.09278350515463918	0.10309278350515497
0.0	0.10309278350515497	0.8041237113402059	0.09278350515463918
0.0	0.0	0.0	1.0
0.0	0.0	1.0	0.0
0.30927835051546393	0.5979381443298969	0.09278350515463918	0.0
0.41237113402061853	0.19587628865979378	0.10309278350515487	0.28865979381443274
0.0	0.09278350515463918	0.7113402061855669	0.19587628865979398
0.494845360824742	0.195876288659794	0.309278350515464	0.0
0.40206185567010294	0.09278350515463918	0.40206185567010294	0.10309278350515497
0.30927835051546365	0.10309278350515487	0.5876288659793814	0.0
0.231958762886598	0.324742268041237	0.324742268041237	0.118556701030928
URL http://hocomoco.autosome.ru/motif/BHE41_MOUSE.H10MO.D

MOTIF BMAL1_MOUSE.H10MO.C
letter-probability matrix: alength= 4 w= 14 nsites= 15
0.157692307692308	0.126923076923077	0.296153846153846	0.41923076923076896
0.038461538461538505	0.0	0.8923076923076922	0.06923076923076922
0.3153846153846152	0.1461538461538461	0.46923076923076934	0.06923076923076925
0.6076923076923081	0.0	0.146153846153846	0.246153846153846
0.0	0.9615384615384616	0.0	0.03846153846153848
1.0	0.0	0.0	0.0
0.0	1.0	0.0	0.0
0.0	0.0	1.0	0.0
0.0	0.0	0.0	1.0
0.0	0.0	1.0	0.0
0.746153846153846	0.0	0.25384615384615405	0.0
0.0769230769230769	0.7769230769230769	0.0769230769230769	0.0692307692307692
0.138461538461538	0.46153846153846206	0.07692307692307691	0.323076923076923
0.07692307692307691	0.6692307692307691	0.25384615384615405	0.0
URL http://hocomoco.autosome.ru/motif/BMAL1_MOUSE.H10MO.C

MOTIF BRAC_MOUSE.H10MO.D
letter-probability matrix: alength= 4 w= 25 nsites= 26
0.49038461538461486	0.10576923076923098	0.3365384615384619	0.06730769230769229
0.1538461538461539	0.4999999999999998	0.3076923076923078	0.03846153846153848
0.8076923076923082	0.0384615384615385	0.0384615384615385	0.115384615384615
0.3461538461538459	0.0384615384615385	0.0384615384615385	0.576923076923077
0.576923076923077	0.0	0.0	0.423076923076923
0.3076923076923078	0.0	0.6538461538461537	0.03846153846153848
0.0	0.0	0.0	1.0
0.11538461538461514	0.1923076923076922	0.6923076923076926	0.0
1.0	0.0	0.0	0.0
0.0	1.0	0.0	0.0
1.0	0.0	0.0	0.0
0.0	0.9615384615384616	0.0	0.03846153846153848
0.0	0.9230769230769231	0.0384615384615385	0.0384615384615385
0.0	0.0	0.0	1.0
1.0	0.0	0.0	0.0
0.0	0.0769230769230769	0.9230769230769231	0.0
0.0	0.03846153846153848	0.9615384615384616	0.0
0.0	0.03846153846153848	0.0	0.9615384615384616
0.0	0.0	1.0	0.0
0.0384615384615385	0.0384615384615385	0.0	0.9230769230769231
0.0	0.26923076923076905	0.6538461538461541	0.07692307692307691
0.9615384615384616	0.0	0.0	0.03846153846153848
0.8461538461538461	0.07692307692307691	0.0384615384615385	0.0384615384615385
0.8461538461538465	0.0	0.11538461538461507	0.03846153846153852
0.24999999999999986	0.09615384615384616	0.09615384615384616	0.5576923076923077
URL http://hocomoco.autosome.ru/motif/BRAC_MOUSE.H10MO.D

MOTIF BRCA1_MOUSE.H10MO.D
letter-probability matrix: alength= 4 w= 9 nsites= 73
0.144038337669349	0.197200486336287	0.290469923554039	0.368291252440325
0.1894764321705548	0.0	0.2754931693237917	0.5350303985056535
0.028031614346372004	0.125181317501613	0.153212931847985	0.69357413630403
0.056063228692743855	0.34461125813266075	0.4818682498387156	0.11745726333587991
0.028031614346372004	0.14984049772096	0.450935555466538	0.37119233246613
0.0	0.0	0.870467062459679	0.129532937540321
0.0	0.028031614346372007	0.0	0.9719683856536281
0.0	0.0	0.0	1.0
0.06307113227933689	0.07322491236965639	0.8286644374180417	0.03503951793296489
URL http://hocomoco.autosome.ru/motif/BRCA1_MOUSE.H10MO.D

MOTIF CDC5L_MOUSE.H10MO.D
letter-probability matrix: alength= 4 w= 15 nsites= 10
0.15	0.15	0.65	0.05
0.0	0.2	0.4	0.4
0.2	0.0	0.8	0.0
0.5	0.1	0.1	0.3
0.0	0.1	0.3	0.6
0.2	0.0	0.2	0.6
0.1	0.0	0.0	0.9
0.9	0.0	0.1	0.0
0.8	0.0	0.0	0.2
0.1	0.6	0.0	0.3
0.6	0.0	0.3	0.1
0.2	0.1	0.0	0.7
0.8	0.1	0.1	0.0
0.6	0.0	0.1	0.3
0.075	0.275	0.175	0.475
URL http://hocomoco.autosome.ru/motif/CDC5L_MOUSE.H10MO.D

MOTIF CDX1_MOUSE.H10MO.C
letter-probability matrix: alength= 4 w= 8 nsites= 30
0.46594982078853026	0.24372759856630813	0.048387096774193526	0.24193548387096814
0.03225806451612899	0.0	0.0967741935483871	0.8709677419354839
0.032258064516129	0.0	0.032258064516129	0.935483870967742
0.06451612903225809	0.053763440860215096	0.12903225806451596	0.7526881720430109
0.8064516129032261	0.0	0.16129032258064502	0.032258064516129
0.247311827956989	0.0931899641577061	0.032258064516129	0.627240143369176
0.206093189964158	0.0	0.793906810035842	0.0
0.19982078853046603	0.09946236559139783	0.3396057347670251	0.3611111111111111
URL http://hocomoco.autosome.ru/motif/CDX1_MOUSE.H10MO.C

MOTIF CDX2_MOUSE.H10MO.C
letter-probability matrix: alength= 4 w= 8 nsites= 36
0.4810126582278481	0.028481012658227906	0.06962025316455701	0.4208860759493671
0.060126582278481	0.0	0.0	0.9398734177215191
0.0	0.0	0.028481012658227906	0.9715189873417721
0.08544303797468354	0.0	0.0	0.9145569620253166
0.9715189873417721	0.0	0.028481012658227906	0.0
0.0	0.30379746835443017	0.06329113924050635	0.6329113924050633
0.35759493670886083	0.02531645569620249	0.43037974683544283	0.18670886075949394
0.29905063291139217	0.05854430379746844	0.4256329113924052	0.21677215189873414
URL http://hocomoco.autosome.ru/motif/CDX2_MOUSE.H10MO.C

MOTIF CDX4_MOUSE.H10MO.A
letter-probability matrix: alength= 4 w= 12 nsites= 500
0.3221840932076136	0.018359384478087326	0.09563540770020472	0.5638211146140945
0.17453951603033513	0.023533137238790306	0.6517853905495856	0.15014195618128887
0.7981207192446602	0.037952829121127046	0.007728735101852336	0.15619771653236034
0.010914328371647072	0.009928184010843125	0.003998532255669724	0.97515895536184
0.015700833462890473	0.00603698225790995	0.011435370992072995	0.9668268132871265
0.03862789524390782	0.05257084052757059	0.043470892888490764	0.8653303713400308
0.9962812245015817	0.0019312411978566846	0.0017875343005615823	0.0
0.028345083887218715	0.1939049479223635	0.022271183709792242	0.7554787844806256
0.1702095400515179	0.025136458768575135	0.484872609665043	0.3197813915148639
0.16831567251505108	0.04130234064725544	0.6642782303217584	0.12610375651593508
0.06283003048518626	0.5669075722389498	0.21591107703719264	0.15435132023867132
0.21843768101040786	0.3993971528253591	0.08868744140498794	0.29347772475924516
URL http://hocomoco.autosome.ru/motif/CDX4_MOUSE.H10MO.A

MOTIF CEBPA_MOUSE.H10MO.B
letter-probability matrix: alength= 4 w= 12 nsites= 500
0.23133883742080702	0.13230905134349943	0.2203709445098106	0.41598116672588303
0.5313221781855012	0.14402830173732586	0.2673609275807417	0.05728859249643129
0.002111772898826424	0.0018557403191933948	0.004301131647890407	0.9917313551340897
0.004102224374751788	0.002377658031578465	0.1701170020442387	0.823403115549431
0.24590896326879796	0.006082111148967874	0.44658060658218013	0.301428319000054
0.24262235455132816	0.04865795739054486	0.18946131196230775	0.5192583760958192
0.0020902655016784787	0.0	0.9954912380714177	0.0024184964269038252
0.2732747078821822	0.6664098533268576	0.006698464029624391	0.05361697476133577
0.9902968269097826	0.0018972056721967055	0.007805967418020656	0.0
0.9978273884132165	0.0	0.00217261158678355	0.0
0.006421088445561724	0.19855159612361492	0.12782620516511142	0.6672011102657118
0.43970686673475085	0.162974505757004	0.16294827571207285	0.23437035179617222
URL http://hocomoco.autosome.ru/motif/CEBPA_MOUSE.H10MO.B

MOTIF CEBPB_MOUSE.H10MO.A
letter-probability matrix: alength= 4 w= 11 nsites= 500
0.18314346160729542	0.1299357411047367	0.2896943977290754	0.39722639955889244
0.5471271931436227	0.11174296822760188	0.3038064835658404	0.037323355062934986
0.0	0.011068771158516623	0.0	0.9889312288414834
0.0	0.0	0.005864898309983156	0.9941351016900168
0.05005187903433502	0.0	0.8426015814829501	0.10734653948271493
0.005389525072766858	0.9907240465455882	0.0	0.003886428381644881
0.589325220589991	0.03340709000913785	0.2492396692281601	0.12802802017271103
0.18818084145214492	0.4419367371304602	0.005626205792063849	0.364256215625331
0.638509450287901	0.35535251532526463	0.0017158007336241878	0.004422233653210312
0.9942810624832019	0.005718937516798084	0.0	0.0
0.007926912848134458	0.3080103303330988	0.2122581949975459	0.4718045618212207
URL http://hocomoco.autosome.ru/motif/CEBPB_MOUSE.H10MO.A

MOTIF CEBPD_MOUSE.H10MO.B
letter-probability matrix: alength= 4 w= 11 nsites= 77
0.38859111791730455	0.14050535987748883	0.3273353751914237	0.14356814701378284
0.45712098009188384	0.16462480857580394	0.3185298621745789	0.059724349157733475
0.0	0.0	0.04900459418070443	0.9509954058192955
0.04287901990811637	0.012251148545176093	0.32159264931087284	0.6232771822358346
0.36179173047473195	0.037136294027565096	0.3893568147013779	0.21171516079632496
0.125574272588055	0.313935681470138	0.225114854517611	0.335375191424196
0.05704441041347626	0.07848392036753435	0.8487748851454825	0.01569678407350689
0.24387442572741205	0.5960949464012251	0.014165390505359903	0.14586523736600301
0.9823889739663094	0.0038284839203675323	0.013782542113323106	0.0
0.9632465543644717	0.0	0.036753445635528285	0.0
0.13591117917304701	0.07159264931087292	0.18950995405819301	0.6029862174578872
URL http://hocomoco.autosome.ru/motif/CEBPD_MOUSE.H10MO.B

MOTIF CEBPE_MOUSE.H10MO.A
letter-probability matrix: alength= 4 w= 12 nsites= 812
0.11226766206677524	0.10701863431471623	0.20158546763251642	0.5791282359859922
0.0	0.0	0.09922018443873823	0.9007798155612617
0.22729065242669222	0.0	0.46552157586391046	0.3071877717093973
0.047402887795578136	0.5705787464560599	0.21806707005486708	0.16395129569349484
0.08593148321433892	0.0	0.914068516785661	0.0
0.32088646990266456	0.4457616146260908	0.0006798921631151303	0.23267202330812942
0.8470651284469997	0.15139705100002643	0.001537820552973904	0.0
1.0	0.0	0.0	0.0
0.0	0.14969324206295145	0.010732491126957858	0.8395742668100907
0.2645760667288272	0.4856801377284094	0.04072070754592513	0.20902308799683816
0.21298372872136553	0.07032247022715966	0.18068710761983647	0.5360066934316383
0.11291896215671	0.311449546490805	0.205292491457021	0.370338999895464
URL http://hocomoco.autosome.ru/motif/CEBPE_MOUSE.H10MO.A

MOTIF CEBPG_MOUSE.H10MO.C
letter-probability matrix: alength= 4 w= 13 nsites= 22
0.5999999999999998	0.17714285714285694	0.14857142857142894	0.07428571428571427
0.0	0.0	0.0	1.0
0.0	0.04571428571428567	0.26285714285714284	0.6914285714285715
0.20142857142857118	0.007142857142857146	0.3900000000000003	0.40142857142857136
0.125714285714286	0.16	0.222857142857143	0.491428571428571
0.0	0.16	0.84	0.0
0.12000000000000001	0.6714285714285712	0.0	0.20857142857142902
1.0	0.0	0.0	0.0
1.0	0.0	0.0	0.0
0.0	0.1657142857142859	0.02857142857142858	0.8057142857142855
0.12285714285714301	0.514285714285714	0.23714285714285696	0.125714285714286
0.0928571428571429	0.0871428571428571	0.218571428571429	0.601428571428571
0.09714285714285709	0.23999999999999994	0.36571428571428594	0.29714285714285693
URL http://hocomoco.autosome.ru/motif/CEBPG_MOUSE.H10MO.C

MOTIF CEBPZ_MOUSE.H10MO.D
letter-probability matrix: alength= 4 w= 11 nsites= 26
0.31380208333333326	0.03255208333333333	0.34505208333333326	0.3085937500000003
0.0	0.6875000000000002	0.22395833333333307	0.08854166666666673
0.026041666666666706	0.21875000000000006	0.0	0.7552083333333333
0.0	0.36458333333333326	0.5677083333333335	0.06770833333333334
1.0	0.0	0.0	0.0
0.0	0.0	0.0	1.0
0.0	0.0	0.0	1.0
0.0	0.0	1.0	0.0
0.0	0.0	1.0	0.0
0.026041666666666706	0.7968750000000002	0.0	0.17708333333333307
0.006510416666666671	0.131510416666667	0.03255208333333331	0.8294270833333331
URL http://hocomoco.autosome.ru/motif/CEBPZ_MOUSE.H10MO.D

MOTIF COE1_MOUSE.H10MO.C
letter-probability matrix: alength= 4 w= 13 nsites= 500
0.06791406273985376	0.26099699194950776	0.47741918983154363	0.19366975547909476
0.04598289279785568	0.23036596891233896	0.024048096058520596	0.6996030422312848
0.0	0.9945600267220295	0.005439973277970586	0.0
0.014296018589102124	0.7900557075740051	0.0	0.1956482738368928
0.002232005958673847	0.9883519860738863	0.0018427499995959337	0.007573257967843893
0.360228298190548	0.008076800421854607	0.027214022080236638	0.6044808793073607
0.07180309693575745	0.014771303650483151	0.7118836955076835	0.20154190390607582
0.014388219455949354	0.0035646279280833735	0.9788586689290053	0.0031884836869619094
0.16696944171659756	0.0	0.8330305582834024	0.0
0.0017016536290616734	0.0	0.9982983463709384	0.0
0.7396197236319123	0.038862962511068	0.2065177737102906	0.01499954014672916
0.20921183045976438	0.38099708028991325	0.2616362577586118	0.14815483149171058
0.1952885537940441	0.33634429482537265	0.09840830353286698	0.36995884784771627
URL http://hocomoco.autosome.ru/motif/COE1_MOUSE.H10MO.C

MOTIF COT1_MOUSE.H10MO.B
letter-probability matrix: alength= 4 w= 9 nsites= 83
0.0970767529795793	0.636930385100859	0.0860396027700148	0.179953259149547
0.6858939678741826	0.10786305886619908	0.09732759730252408	0.1089153759570941
0.6567470866134865	0.05016886458892993	0.21181048816351714	0.08127356063406646
0.803692920059934	0.0	0.19630707994006602	0.0
0.009030395626007376	0.0	0.9909696043739925	0.0
0.0	0.0	0.7614042544078831	0.23859574559211702
0.009030395626007381	0.08583769824618671	0.028094564169800707	0.8770373419580052
0.010033772917786	0.90914541529492	0.00903039562600738	0.0717904161612864
0.8491446823120323	0.08513410507646943	0.04540282245298161	0.020318390158516608
URL http://hocomoco.autosome.ru/motif/COT1_MOUSE.H10MO.B

MOTIF COT1_MOUSE.H10MO.S
letter-probability matrix: alength= 4 w= 12 nsites= 82
0.085178491383654	0.11737460777990487	0.7127794589193942	0.08466744191704682
0.09284423338276135	0.07546855151811815	0.48977364024416375	0.3419135748549568
0.11140878372035988	0.22947195135399678	0.24668086367889971	0.4124384012467436
0.10220989332143092	0.6998364527144745	0.06234803492607275	0.1356056190380219
0.7589514213011643	0.07563532105785883	0.04599445199464382	0.11941880564633305
0.6093806971250086	0.052127045593929666	0.2557022436907029	0.08279001359035885
0.7250446461179659	0.0	0.26473436454989097	0.010220989332143098
0.017375681864643215	0.0	0.9826243181353569	0.0
0.019419879731071794	0.044972353061429486	0.6519538315457578	0.2836539356617409
0.03883975946214368	0.07853484831776106	0.028618770130000585	0.8540066220900946
0.009198890398928775	0.8667828587552734	0.06694748012553724	0.05707077072026063
0.8155891569009946	0.10008768110882496	0.045227877794733085	0.039095284195447284
URL http://hocomoco.autosome.ru/motif/COT1_MOUSE.H10MO.S

MOTIF COT2_MOUSE.H10MO.B
letter-probability matrix: alength= 4 w= 10 nsites= 77
0.15997023809523808	0.6421130952380953	0.08705357142857145	0.11086309523809507
0.607886904761905	0.12351190476190502	0.107142857142857	0.161458333333333
0.5974702380952379	0.07589285714285708	0.28199404761904795	0.044642857142857095
0.7678571428571431	0.0	0.20238095238095205	0.029761904761904805
0.0	0.0	1.0	0.0
0.0119047619047619	0.0	0.837053571428571	0.151041666666667
0.013392857142857095	0.0	0.007440476190476187	0.9791666666666666
0.013392857142857107	0.9211309523809526	0.02678571428571432	0.03869047619047622
0.9092261904761905	0.05059523809523813	0.040178571428571425	0.0
0.479910714285714	0.100446428571429	0.286458333333333	0.133184523809524
URL http://hocomoco.autosome.ru/motif/COT2_MOUSE.H10MO.B

MOTIF COT2_MOUSE.H10MO.S
letter-probability matrix: alength= 4 w= 15 nsites= 79
0.4055716353111433	0.21382054992764113	0.2926917510853832	0.08791606367583216
0.5557163531114332	0.011577424023154804	0.26483357452966705	0.16787264833574506
0.09117221418234442	0.027496382054992802	0.7930535455861071	0.08827785817655572
0.06367583212735177	0.013024602026049215	0.7098408104196817	0.21345875542691725
0.09406657018813319	0.12445730824891499	0.20839363241678696	0.5730824891461649
0.0	0.914616497829233	0.0578871201157742	0.027496382054992795
0.9088277858176556	0.052098408104196775	0.0	0.03907380607814758
0.5441389290882779	0.09406657018813319	0.26049204052098396	0.10130246020260499
0.5477568740955142	0.039073806078147616	0.27858176555716313	0.13458755426917507
0.18234442836468912	0.0	0.7510853835021705	0.06657018813314045
0.14616497829233002	0.06801736613603471	0.6555716353111432	0.13024602026049203
0.09153400868306792	0.1110709117221419	0.2116497829232998	0.5857452966714906
0.06512301013024606	0.6164978292329956	0.11866859623733711	0.19971056439942117
0.5803183791606368	0.13314037626628095	0.19971056439942092	0.08683068017366137
0.42402315484804637	0.23733719247467422	0.18813314037626616	0.15050651230101314
URL http://hocomoco.autosome.ru/motif/COT2_MOUSE.H10MO.S

MOTIF CREB1_MOUSE.H10MO.B
letter-probability matrix: alength= 4 w= 9 nsites= 286
0.2414347311616669	0.20060819125033091	0.4651433769630258	0.09281370062497638
0.0	0.00276396129808602	0.00214974767628912	0.9950862910256248
0.00245685448718757	0.0	0.9821878049678899	0.015355340544922299
0.9920152229166403	0.0024568544871875707	0.005527922596172032	0.0
0.0	0.8810822204486554	0.06701672850950709	0.05190105104183753
0.01811930184300832	0.007063456650664268	0.962225862259491	0.012591379246836312
0.0482157693110562	0.2580184989501825	0.021190369951992843	0.6725753617867684
0.27791299792493623	0.5227072380683264	0.1385726154488451	0.06080714855789234
0.5786867873236475	0.12582768279655912	0.15346729577742013	0.14201823410237313
URL http://hocomoco.autosome.ru/motif/CREB1_MOUSE.H10MO.B

MOTIF CREM_MOUSE.H10MO.C
letter-probability matrix: alength= 4 w= 11 nsites= 30
0.04200819672131148	0.5706967213114758	0.2592213114754099	0.12807377049180294
0.463114754098361	0.20901639344262302	0.327868852459016	0.0
0.2581967213114751	0.4057377049180332	0.26229508196721313	0.07377049180327871
0.0	0.0	0.0	1.0
0.03278688524590161	0.0	0.9672131147540984	0.0
0.9631147540983607	0.03688524590163929	0.0	0.0
0.0327868852459016	0.9016393442622951	0.0655737704918033	0.0
0.217213114754098	0.0	0.782786885245902	0.0
0.10655737704918004	0.03278688524590161	0.0	0.8606557377049184
0.028688524590163904	0.704918032786885	0.22540983606557402	0.040983606557377004
0.8401639344262292	0.10245901639344301	0.0327868852459016	0.0245901639344262
URL http://hocomoco.autosome.ru/motif/CREM_MOUSE.H10MO.C

MOTIF CRX_MOUSE.H10MO.A
letter-probability matrix: alength= 4 w= 12 nsites= 500
0.32433787148279475	0.13550646260293908	0.08938630072858658	0.4507693651856797
0.5159641647561425	0.09905620550218817	0.27239699177228455	0.11258263796938477
0.6213277320130277	0.08833882064400325	0.17762141955951313	0.11271202778345589
0.20483508844296314	0.07911645887138957	0.4957333858127648	0.22031506687288252
0.395397158106136	0.15770394697676818	0.311460216073954	0.13543867884314184
0.3351839202857417	0.008049844231208258	0.6491003120609584	0.007665923422091619
0.003655069947902144	0.026785397343460294	0.9695595327086376	0.0
0.8173488577497241	0.17308451664089683	0.007621345742304766	0.00194527986707419
0.0	0.0	0.0	1.0
0.014787157524890434	0.016818875258095136	0.004366264122295605	0.9640277030947189
0.8983498177654783	0.0	0.0056588300540518135	0.09599135218046993
0.42718328361362945	0.07834936532842875	0.3922473602541146	0.10221999080382715
URL http://hocomoco.autosome.ru/motif/CRX_MOUSE.H10MO.A

MOTIF CRX_MOUSE.H10MO.S
letter-probability matrix: alength= 4 w= 8 nsites= 52
0.24692622950819704	0.251024590163934	0.398565573770492	0.103483606557377
0.2725409836065574	0.018442622950819724	0.4754098360655737	0.23360655737704933
0.116803278688525	0.0204918032786885	0.842213114754098	0.0204918032786885
0.7418032786885249	0.21721311475409796	0.0	0.040983606557377095
0.040983606557377095	0.0	0.0	0.9590163934426229
0.04098360655737712	0.02049180327868851	0.0	0.9385245901639343
0.959016393442623	0.0204918032786885	0.0204918032786885	0.0
0.3919057377049179	0.05379098360655739	0.43903688524590184	0.11526639344262296
URL http://hocomoco.autosome.ru/motif/CRX_MOUSE.H10MO.S

MOTIF CTCF_MOUSE.H10MO.A
letter-probability matrix: alength= 4 w= 20 nsites= 500
0.10061813119961271	0.40304500578925934	0.09243934842640934	0.40389751458471856
0.1249898488886315	0.17319470894378622	0.522969890774184	0.17884555139339836
0.2295803251864847	0.07562509316559189	0.5770629967442839	0.11773158490363957
0.05057628165172134	0.8585984878150256	0.05365908871767884	0.03716614181557439
0.008768991365334869	0.9743149769306362	0.011214514246426527	0.005701517457602426
0.6653197699621723	0.021532958720713452	0.22847472435688757	0.08467254696022665
0.02674227632894065	0.5916708660102703	0.37349627110159067	0.008090586559198473
