MEME version 4

ALPHABET= ACGT

strands: + -

Background letter frequencies (from uniform background):
A 0.25000 C 0.25000 G 0.25000 T 0.25000 

MOTIF M0039_1.02 (SKA_e_gwH.71.56.1)_(Arabidopsis_thaliana)_(DBD_0.76)

letter-probability matrix: alength= 4 w= 10 nsites= 1 E= 0
  0.273481	  0.273481	  0.200584	  0.252455	
  0.230650	  0.273390	  0.265310	  0.230650	
  0.278187	  0.368077	  0.188348	  0.165388	
  0.144544	  0.058183	  0.745151	  0.052122	
  0.115569	  0.613920	  0.175891	  0.094620	
  0.185945	  0.668777	  0.071913	  0.073365	
  0.213466	  0.119519	  0.586093	  0.080921	
  0.197200	  0.352207	  0.207311	  0.243282	
  0.166531	  0.604972	  0.105128	  0.123369	
  0.320417	  0.292839	  0.174099	  0.212645	

URL http://cisbp.ccbr.utoronto.ca/TFreport.php?searchTF=T003600_1.02

MOTIF M0076_1.02 (SKA_Chlre2_kg.scaffold_45000117)_(Ostreococcus_tauri)_(DBD_0.81)

letter-probability matrix: alength= 4 w= 8 nsites= 1 E= 0
  0.184280	  0.604890	  0.131703	  0.079127	
  0.000196	  0.000196	  0.999412	  0.000196	
  0.000196	  0.921042	  0.078566	  0.000196	
  0.000196	  0.979820	  0.019788	  0.000196	
  0.000196	  0.000196	  0.999412	  0.000196	
  0.019788	  0.705525	  0.215713	  0.058973	
  0.000204	  0.999388	  0.000204	  0.000204	
  0.580219	  0.032539	  0.322487	  0.064755	

URL http://cisbp.ccbr.utoronto.ca/TFreport.php?searchTF=T003599_1.02

MOTIF M0807_1.02 (estExt_fgenesh2_pg.C_60027)_(Ostreococcus_tauri)_(DBD_0.92)

letter-probability matrix: alength= 4 w= 8 nsites= 1 E= 0
  0.295467	  0.283881	  0.163785	  0.256866	
  0.153126	  0.061637	  0.665982	  0.119255	
  0.801085	  0.029843	  0.071950	  0.097122	
  0.036187	  0.001490	  0.000618	  0.961705	
  0.175606	  0.644352	  0.124991	  0.055050	
  0.247032	  0.170633	  0.242140	  0.340194	
  0.275531	  0.223341	  0.249311	  0.251817	
  0.246648	  0.199929	  0.275328	  0.278095	

URL http://cisbp.ccbr.utoronto.ca/TFreport.php?searchTF=T085476_1.02

MOTIF M1701_1.02 (OVA_1_OVA_Chlre2_kg.scaffold_15000186)_(Arabidopsis_thaliana)_(DBD_0.61)

letter-probability matrix: alength= 4 w= 8 nsites= 1 E= 0
  0.114843	  0.393349	  0.245904	  0.245904	
  0.276584	  0.010740	  0.712569	  0.000106	
  0.000095	  0.000095	  0.999714	  0.000095	
  0.000095	  0.000095	  0.000095	  0.999714	
  0.000095	  0.999714	  0.000095	  0.000095	
  0.961265	  0.019319	  0.019319	  0.000096	
  0.805896	  0.000102	  0.163301	  0.030702	
  0.271416	  0.528412	  0.071531	  0.128641	

URL http://cisbp.ccbr.utoronto.ca/TFreport.php?searchTF=T155265_1.02

MOTIF M2372_1.02 (estExt_fgenesh1_pm.C_chromosome_30518)_(Arabidopsis_thaliana)_(DBD_0.93)

letter-probability matrix: alength= 4 w= 11 nsites= 1 E= 0
  0.140000	  0.450000	  0.230000	  0.180000	
  0.160000	  0.270000	  0.550000	  0.020000	
  0.000000	  0.919192	  0.040404	  0.040404	
  0.000000	  0.050000	  0.930000	  0.020000	
  0.040404	  0.939394	  0.000000	  0.020202	
  0.040404	  0.020202	  0.020202	  0.919192	
  0.080808	  0.000000	  0.858586	  0.060606	
  0.960000	  0.000000	  0.020000	  0.020000	
  0.040000	  0.040000	  0.920000	  0.000000	
  0.020000	  0.550000	  0.260000	  0.170000	
  0.151515	  0.323232	  0.242424	  0.282828	

URL http://cisbp.ccbr.utoronto.ca/TFreport.php?searchTF=T122979_1.02

MOTIF M4708_1.02 (Chlre2_kg.scaffold_11000101)_(Homo_sapiens)_(DBD_0.78)

letter-probability matrix: alength= 4 w= 10 nsites= 1 E= 0
  0.161765	  0.161765	  0.058824	  0.617646	
  1.000000	  0.000000	  0.000000	  0.000000	
  0.014706	  0.000000	  0.029412	  0.955882	
  0.191176	  0.000000	  0.691177	  0.117647	
  0.000000	  0.779412	  0.000000	  0.220588	
  0.779412	  0.000000	  0.000000	  0.220588	
  0.838235	  0.000000	  0.161765	  0.000000	
  0.808824	  0.088235	  0.000000	  0.102941	
  0.117647	  0.044118	  0.029412	  0.808823	
  0.632353	  0.044118	  0.205882	  0.117647	

URL http://cisbp.ccbr.utoronto.ca/TFreport.php?searchTF=T150815_1.02

