MEME version 4

ALPHABET= ACGT

strands: + -

Background letter frequencies
A 0.25 C 0.25 G 0.25 T 0.25

MOTIF AHR_HUMAN.H10MO.B
letter-probability matrix: alength= 4 w= 9 nsites= 154
0.26314477735061276	0.11859745819448689	0.36641340309888065	0.25184436135601973
0.07065186803239253	0.07710428433167413	0.2251456131484061	0.6270982344875272
0.14105450572642986	0.2850314719772257	0.13449544731512686	0.4394185749812176
0.0165402342545919	0.008555293579961341	0.9474208905975482	0.027483581567898402
0.0	0.9766155308814389	0.009695999390622859	0.013688469727938113
0.022350405419921632	0.005133176147976808	0.9702350068107785	0.0022814116213230235
0.0	0.02235040541992163	0.004562823242646056	0.9730867713374324
0.0	0.0	1.0	0.0
0.279810224889837	0.43437346977265195	0.10496230952256	0.180853995814951
URL http://hocomoco.autosome.ru/motif/AHR_HUMAN.H10MO.B

MOTIF AIRE_HUMAN.H10MO.C
letter-probability matrix: alength= 4 w= 18 nsites= 41
0.39772727272727304	0.261363636363636	0.125	0.21590909090909102
0.181818181818182	0.181818181818182	0.136363636363636	0.5
0.1363636363636361	0.1363636363636361	0.2045454545454552	0.5227272727272725
0.04545454545454543	0.0	0.8863636363636365	0.06818181818181825
0.0	0.0	0.8181818181818178	0.18181818181818218
0.3181818181818183	0.04545454545454544	0.02272727272727272	0.6136363636363635
0.3863636363636362	0.09090909090909095	0.022727272727272714	0.5000000000000002
0.363636363636364	0.136363636363636	0.136363636363636	0.363636363636364
0.34090909090909094	0.06818181818181819	0.13636363636363596	0.45454545454545486
0.522727272727273	0.09090909090909091	0.13636363636363602	0.25000000000000006
0.38636363636363613	0.04545454545454542	0.06818181818181823	0.5000000000000002
0.22727272727272718	0.1363636363636361	0.06818181818181826	0.5681818181818185
0.0	0.022727272727272714	0.8863636363636365	0.09090909090909095
0.0	0.0	0.9772727272727273	0.02272727272727273
0.22727272727272704	0.09090909090909091	0.25000000000000006	0.4318181818181821
0.06818181818181819	0.18181818181818196	0.18181818181818196	0.5681818181818179
0.45454545454545414	0.02272727272727271	0.15909090909090906	0.3636363636363641
0.403409090909091	0.267045454545455	0.10795454545454498	0.221590909090909
URL http://hocomoco.autosome.ru/motif/AIRE_HUMAN.H10MO.C

MOTIF ALX1_HUMAN.H10MO.B
letter-probability matrix: alength= 4 w= 12 nsites= 31
0.4368327402135231	0.20907473309608504	0.2731316725978651	0.08096085409252671
0.06405693950177944	0.09608540925266906	0.0	0.8398576512455516
0.7722419928825621	0.03202846975088971	0.09964412811387902	0.09608540925266901
0.8683274021352312	0.06405693950177943	0.0	0.06761565836298931
0.0	0.09608540925266908	0.0	0.9039145907473308
0.03202846975088968	0.22775800711743782	0.12811387900355892	0.6120996441281136
0.483985765124555	0.0	0.516014234875445	0.0
0.35587188612099646	0.25622775800711733	0.35587188612099646	0.032028469750889736
0.775800711743772	0.0	0.128113879003559	0.096085409252669
0.09964412811387904	0.0	0.032028469750889715	0.8683274021352313
0.06405693950177942	0.03202846975088971	0.03202846975088971	0.8718861209964411
0.8291814946619216	0.056939501779359435	0.056939501779359435	0.056939501779359435
URL http://hocomoco.autosome.ru/motif/ALX1_HUMAN.H10MO.B

MOTIF ALX3_HUMAN.H10MO.D
letter-probability matrix: alength= 4 w= 11 nsites= 8236
0.09645419981947125	0.057376486712933245	0.04562379104179383	0.8005455224258018
0.7370950814224779	0.03046425419527968	0.06121714120142748	0.1712235231808149
0.938410402477938	0.01883225424374493	0.020301341202637376	0.022456002075679618
0.05073592603435766	0.13212334355699604	0.15869249904584176	0.6584482313628045
0.0214748825761133	0.41218172560908073	0.08944463920753194	0.47689875260727393
0.0	0.29509751325073963	0.0016649652200780194	0.7032375215291823
0.8667048432631622	0.016649652200780782	0.10978976539455912	0.0068557391414979536
0.9952989217315442	0.00019587826118565963	0.004015504354306024	0.0004896956529641491
2.448478264820747e-05	0.00012242391324103735	2.448478264820747e-05	0.9998286065214627
0.05112422616945633	0.01273208697706778	0.0008814521753354603	0.9352622346781404
0.898823693516698	0.0125379369095188	0.029285528240892502	0.05935284133289054
URL http://hocomoco.autosome.ru/motif/ALX3_HUMAN.H10MO.D

MOTIF ALX4_HUMAN.H10MO.D
letter-probability matrix: alength= 4 w= 12 nsites= 23223
0.009311597021511984	0.005431971359420911	0.004946663132184052	0.980309768486883
0.9707523233155962	0.003867171502373043	0.009984053298903046	0.015396451883127492
0.9912324204183297	0.0024969921913101938	0.0036298529329942455	0.002640734457365777
0.008884991172141716	0.0295184354318606	0.00913689629633752	0.9524596770996601
0.0010346612113180651	0.38955650728027386	0.017993426676038742	0.5914154048323693
0.0	0.21488369164925164	0.0	0.7851163083507484
0.9548591479041103	0.0006845565567566706	0.04412326827133198	0.0003330272678009626
0.9996043526097487	5.408142907011001e-05	0.0003415659611812779	0.0
1.3520357267527497e-05	4.056107180258249e-05	1.3520357267527497e-05	0.9999323982136624
0.0030758744436241606	0.0008371936747911085	0.00017113913918917083	0.9959157927423956
0.9925118681383653	0.0010168715073605855	0.001628844613892412	0.004842415740381559
0.3806933283559565	0.13849275269788816	0.31412907983739835	0.16668483910875698
URL http://hocomoco.autosome.ru/motif/ALX4_HUMAN.H10MO.D

MOTIF ANDR_HUMAN.H10MO.A
letter-probability matrix: alength= 4 w= 17 nsites= 489
0.40214787554204945	0.023454412527663736	0.2908608859168403	0.2835368260134465
0.045332785595743434	0.001902769394117033	0.7420176757094961	0.21074676930064346
0.14300938848362704	0.2684580415539275	0.24700313518036893	0.34152943478207665
0.7591497156286661	0.06706988886552412	0.05383245951743735	0.11994793598837242
0.002089801032923034	0.8692105324194552	0.07858432744022385	0.05011533910739795
0.622561251428302	0.03899359565183434	0.09129463365238837	0.24715051926747533
0.07211558746867422	0.2935129756337462	0.32815556468970836	0.3062158722078713
0.2866055771388847	0.19309651173021986	0.15218668262172969	0.3681112285091658
0.1480628852636332	0.456072177058438	0.2235076190887693	0.1723573185891595
0.09991559816268168	0.023311260538138746	0.004087327285817146	0.8726858140133624
0.031150170498756975	0.02015556764995647	0.9467721134267273	0.001922148424559294
0.024626026616872698	0.036052576509824366	0.011523727393024638	0.9277976694802783
0.17585250944640435	0.12211254861684172	0.08456646173786406	0.6174684801988899
0.009779554385740111	0.865304004403103	0.003839897077106852	0.12107654413405007
0.07310919712647025	0.4747406881007585	0.022326192834451326	0.42982392193832003
0.24681148962372687	0.22741778693407425	0.12843552383820403	0.3973351996039948
0.18064821652575636	0.10953372754535257	0.3194368600598565	0.3903811958690346
URL http://hocomoco.autosome.ru/motif/ANDR_HUMAN.H10MO.A

MOTIF AP2A_HUMAN.H10MO.C
letter-probability matrix: alength= 4 w= 15 nsites= 500
0.4161567831867409	0.18536390378570514	0.1931263379309937	0.2053529750965602
0.23111743297828644	0.09112058200265233	0.1346690372132377	0.5430929478058235
0.176760820251447	0.0943987013346236	0.4702264521454166	0.2586140262685129
0.01083349347589429	0.5206049578776308	0.43144925314849164	0.03711229549798323
0.0	1.0	0.0	0.0
0.0	0.9009731385955804	0.0	0.0990268614044197
0.050938521732264756	0.11130533543405674	0.01278467543301561	0.8249714674006629
0.0018385570176808407	0.0	0.7965664620978268	0.20159498088449246
0.5353335673326816	0.03858749906693436	0.40923637246787997	0.016842561132504066
0.14215888890918374	0.0	0.8560860377125398	0.0017550733782764794
0.0	0.0	1.0	0.0
0.04786472575512104	0.5561188743824665	0.3799974224383193	0.01601897742409312
0.30825409769984236	0.38163599942465926	0.0917398109438201	0.21837009193167836
0.5130410781371756	0.09342080591545962	0.204258006230773	0.18928010971659176
0.23852009222916265	0.14889302969571896	0.20839739686739764	0.40418948120772075
URL http://hocomoco.autosome.ru/motif/AP2A_HUMAN.H10MO.C

MOTIF AP2B_HUMAN.H10MO.B
letter-probability matrix: alength= 4 w= 10 nsites= 28
0.039525691699604716	0.0	0.7826086956521743	0.1778656126482211
0.0	0.648221343873518	0.245059288537549	0.106719367588933
0.0	0.9644268774703557	0.0	0.03557312252964432
0.11462450592885388	0.5731225296442685	0.0	0.3122529644268777
0.07509881422924895	0.035573122529644285	0.8893280632411067	0.0
0.32806324110671903	0.31620553359683806	0.355731225296443	0.0
0.07114624505928853	0.03557312252964432	0.8537549407114624	0.03952569169960472
0.0	0.0	1.0	0.0
0.19071146245059298	0.12351778656126498	0.676877470355731	0.008893280632411068
0.22233201581027676	0.44762845849802346	0.25395256916996073	0.07608695652173901
URL http://hocomoco.autosome.ru/motif/AP2B_HUMAN.H10MO.B

MOTIF AP2C_HUMAN.H10MO.A
letter-probability matrix: alength= 4 w= 14 nsites= 500
0.38722787987932467	0.20103016769581256	0.26956672580688906	0.14217522661797372
0.19607496273849004	0.12359838450430681	0.16640032435035887	0.5139263284068443
0.18459640065174898	0.0997721178417108	0.5184298430730782	0.19720163843346208
0.009534797227499787	0.5070395615663533	0.4718926280976438	0.011533013108503078
0.0038036091860877484	0.9882833024207405	0.007913088393171678	0.0
0.0018682284055563621	0.9518227025697734	0.0023448434895662076	0.04396422553510403
0.050015231957813475	0.1318661342229191	0.025377129009998146	0.7927415048092693
0.03536422122461564	0.0	0.9172087782166166	0.04742700055876767
0.5550373231098675	0.025398659959248893	0.4158373645158166	0.0037266524150671196
0.07344062259260374	0.0	0.9245885752090673	0.0019708021983289086
0.0	0.0	0.9981165247948123	0.0018834752051877298
0.028931553962356926	0.618247334601242	0.3410171205170123	0.01180399091938864
0.3139260626836927	0.35153926434113636	0.09715230484913887	0.23738236812603217
0.428275676168868	0.1705201638901418	0.24166819522885402	0.1595359647121361
URL http://hocomoco.autosome.ru/motif/AP2C_HUMAN.H10MO.A

MOTIF AP2D_HUMAN.H10MO.D
letter-probability matrix: alength= 4 w= 14 nsites= 5
0.23255813953488388	0.48837209302325574	0.23255813953488388	0.04651162790697668
0.0	0.0	1.0	0.0
0.0	0.627906976744186	0.186046511627907	0.186046511627907
0.0	1.0	0.0	0.0
0.0	0.604651162790698	0.0	0.395348837209302
0.0	0.0	1.0	0.0
0.395348837209302	0.232558139534884	0.372093023255814	0.0
0.0	0.0	1.0	0.0
0.0	0.0	1.0	0.0
0.0	0.813953488372093	0.186046511627907	0.0
0.186046511627907	0.232558139534884	0.395348837209302	0.186046511627907
0.0	0.813953488372093	0.186046511627907	0.0
0.0	0.186046511627907	0.813953488372093	0.0
0.04651162790697669	0.2325581395348839	0.04651162790697669	0.6744186046511628
URL http://hocomoco.autosome.ru/motif/AP2D_HUMAN.H10MO.D

MOTIF ARI3A_HUMAN.H10MO.D
letter-probability matrix: alength= 4 w= 22 nsites= 44
0.39064234359494804	0.09631028690080781	0.32582799169434506	0.18721937780989906
0.6818181818181821	0.09090909090909093	0.0	0.22727272727272704
0.112513874875959	0.0	0.0	0.8874861251240409
0.157968420330504	0.0	0.0	0.842031579669496
0.9545454545454546	0.04545454545454542	0.0	0.0
0.9329406705785869	0.0670593294214132	0.0	0.0
0.47615023851232213	0.0	0.023849761487677704	0.5000000000000001
0.0	0.40909090909090906	0.22727272727272704	0.363636363636364
0.29433205669414003	0.181818181818182	0.4329406705785871	0.09090909090909093
0.49999999999999994	0.04545454545454539	0.36363636363636387	0.0909090909090909
0.4545454545454542	0.04545454545454542	0.1579684203305041	0.34203157966949616
0.7295177047935371	0.0	0.09090909090909093	0.17957320429737203
0.1363636363636361	0.04545454545454544	0.09090909090909098	0.7272727272727275
0.1602133978513141	0.5693043069422233	0.045454545454545435	0.22502774975191714
0.7272727272727271	0.0	0.0	0.27272727272727304
0.7511224887604047	0.04545454545454538	0.0	0.2034229657850499
0.9545454545454546	0.0	0.0	0.04545454545454542
0.4090909090909092	0.0	0.045454545454545435	0.5454545454545453
0.11475885239676901	0.13636363636363602	0.09090909090909093	0.6579684203305041
0.5216047839668682	0.13636363636363602	0.023849761487677704	0.31818181818181807
0.6125138748759589	0.06930430694222318	0.0	0.31818181818181795
0.665614593843031	0.00540119599171693	0.0747055029339401	0.254278707231312
URL http://hocomoco.autosome.ru/motif/ARI3A_HUMAN.H10MO.D

MOTIF ARI3A_HUMAN.H10MO.S
letter-probability matrix: alength= 4 w= 7 nsites= 47
0.6049169689153646	0.05324744393452808	0.2459901880679569	0.09584539908215046
1.0	0.0	0.0	0.0
0.0	0.0	0.0	1.0
0.0	0.0	0.0	1.0
1.0	0.0	0.0	0.0
1.0	0.0	0.0	0.0
0.82960817940951	0.0	0.0	0.17039182059049
URL http://hocomoco.autosome.ru/motif/ARI3A_HUMAN.H10MO.S

MOTIF ARI5B_HUMAN.H10MO.C
letter-probability matrix: alength= 4 w= 13 nsites= 15
0.21666666666666695	0.08333333333333327	0.34999999999999987	0.34999999999999987
0.133333333333333	0.266666666666667	0.4	0.2
0.0	0.2666666666666667	0.1999999999999998	0.5333333333333334
0.0	0.133333333333333	0.333333333333333	0.533333333333334
0.3333333333333331	0.06666666666666672	0.3333333333333331	0.2666666666666671
0.19999999999999996	0.06666666666666668	0.6666666666666667	0.06666666666666668
0.0	0.0	0.0	1.0
0.866666666666667	0.0	0.133333333333333	0.0
0.0	0.133333333333333	0.0	0.866666666666667
0.0	0.06666666666666667	0.06666666666666667	0.8666666666666666
0.13333333333333305	0.2666666666666671	0.5333333333333332	0.06666666666666672
0.1333333333333329	0.06666666666666665	0.26666666666666683	0.5333333333333337
0.25	0.116666666666667	0.45	0.183333333333333
URL http://hocomoco.autosome.ru/motif/ARI5B_HUMAN.H10MO.C

MOTIF ARNT2_HUMAN.H10MO.D
letter-probability matrix: alength= 4 w= 12 nsites= 18
0.19325153374233112	0.08282208588957056	0.5858895705521473	0.1380368098159511
0.16564417177914117	0.28220858895705525	0.33128834355828235	0.22085889570552122
0.0	0.6625766871165647	0.22085889570552122	0.11656441717791412
0.0	0.05521472392638038	0.9447852760736196	0.0
0.0	0.0	0.05521472392638038	0.9447852760736196
0.0	0.05521472392638038	0.9447852760736196	0.0
0.05521472392638039	0.0	0.8834355828220859	0.061349693251533687
0.165644171779141	0.331288343558282	0.392638036809816	0.110429447852761
0.558282208588957	0.0	0.276073619631902	0.165644171779141
0.0	0.331288343558282	0.558282208588957	0.110429447852761
0.392638036809816	0.0	0.49693251533742294	0.110429447852761
0.13803680981595107	0.5858895705521472	0.1932515337423311	0.08282208588957053
URL http://hocomoco.autosome.ru/motif/ARNT2_HUMAN.H10MO.D

MOTIF ARNT_HUMAN.H10MO.B
letter-probability matrix: alength= 4 w= 8 nsites= 268
0.1028784126984869	0.24646072423230075	0.23664805816181975	0.41401280490739256
0.04705284558776663	0.5193860657897243	0.06161274077949584	0.3719483478430132
0.543561837046318	0.0	0.456438162953682	0.0
0.0	1.0	0.0	0.0
0.0	0.0	1.0	0.0
0.0	0.0	0.0	1.0
0.0	0.0	1.0	0.0
0.18779878934697491	0.5530922944113008	0.05338312626659638	0.20572578997512792
URL http://hocomoco.autosome.ru/motif/ARNT_HUMAN.H10MO.B

MOTIF ARX_HUMAN.H10MO.D
letter-probability matrix: alength= 4 w= 13 nsites= 623
0.1544583086588278	0.28151179300135654	0.15443450170019005	0.40959539663962563
0.05971896548775657	0.057563499061727474	0.05648576584871292	0.826231769601803
0.9650212844943027	0.004849799458565469	0.01668105784308775	0.01344785820404411
0.9728348502886581	0.004041499548804556	0.01800441740071819	0.005119232761819104
0.00404149954880456	0.0793399827079965	0.006196965974833659	0.9104215517683654
0.00026943330325363815	0.4061701363129	0.0260874164983274	0.567473013885519
0.0002694333032536379	0.2585683000471801	0.0013471665162681893	0.7398151001332981
0.9421194537177434	0.001347166516268186	0.05518621324972012	0.001347166516268186
0.9970362336642099	0.00026943330325363696	0.00026943330325363696	0.002424899729282733
0.0008082999097609109	0.0008082999097609109	0.0008082999097609109	0.9975751002707172
0.017219924449595022	0.0010777332130145483	0.0010777332130145483	0.980624609124376
0.7459033297756829	0.08254342364874329	0.08362115686175783	0.08793208971381605
0.3129819238250975	0.16652924164830674	0.37010178411486955	0.15038705041172615
URL http://hocomoco.autosome.ru/motif/ARX_HUMAN.H10MO.D

MOTIF ASCL2_HUMAN.H10MO.D
letter-probability matrix: alength= 4 w= 14 nsites= 80
0.209375	0.121875	0.434375	0.234375
0.15312499999999998	0.115625	0.315625	0.415625
0.09687499999999999	0.021875	0.609375	0.271875
0.40625	0.08125	0.43125	0.08125
0.203125	0.003125	0.7906249999999999	0.003125
0.078125	0.540625	0.015625	0.365625
0.440625	0.015625	0.42812500000000003	0.115625
0.037500000000000006	0.0125	0.9	0.05
0.0125	0.35	0.6124999999999999	0.025
0.25	0.0	0.2125	0.5375
0.034375	0.009375000000000001	0.884375	0.071875
0.037500000000000006	0.2125	0.5875	0.1625
0.08437499999999999	0.08437499999999999	0.471875	0.359375
0.165625	0.09062500000000001	0.403125	0.340625
URL http://hocomoco.autosome.ru/motif/ASCL2_HUMAN.H10MO.D

MOTIF ATF1_HUMAN.H10MO.B
letter-probability matrix: alength= 4 w= 11 nsites= 500
0.24759886967513622	0.17893520868510582	0.28835565156007215	0.2851102700796858
0.39047034565161487	0.07863454272198135	0.4629470888598063	0.06794802276659742
0.0018506108181982064	0.0	0.0	0.9981493891818017
0.005881957091556534	0.0	0.9851017328326341	0.009016310075809256
0.9850773323807172	0.001689244869421332	0.011587936000593888	0.001645486749267643
0.0821679033462047	0.669282028175195	0.05458025198378327	0.19396981649481698
0.0	0.0060535229690300224	0.7419676881268467	0.25197878890412323
0.14478028412646113	0.24259649324223234	0.04945362756355353	0.563169595067753
0.3884169219447594	0.4944100573835709	0.03613568462208403	0.08103733604958561
0.5990115138664274	0.08722706757803954	0.11127452618238459	0.2024868923731485
0.16815102238230117	0.17179453103339504	0.2860887721316671	0.3739656744526367
URL http://hocomoco.autosome.ru/motif/ATF1_HUMAN.H10MO.B

MOTIF ATF2_HUMAN.H10MO.B
letter-probability matrix: alength= 4 w= 9 nsites= 90
0.2913793103448275	0.2417241379310346	0.36862068965517236	0.09827586206896544
0.0	0.0	0.0	1.0
0.0	0.02344827586206899	0.9517241379310346	0.02482758620689659
1.0	0.0	0.0	0.0
0.011034482758620697	0.7710344827586209	0.07862068965517248	0.13931034482758597
0.0	0.031724137931034485	0.9241379310344828	0.04413793103448278
0.05379310344827587	0.09379310344827596	0.02482758620689659	0.8275862068965516
0.3144827586206897	0.5179310344827586	0.08000000000000003	0.08758620689655172
0.785862068965517	0.08931034482758632	0.0658620689655173	0.05896551724137939
URL http://hocomoco.autosome.ru/motif/ATF2_HUMAN.H10MO.B

MOTIF ATF3_HUMAN.H10MO.A
letter-probability matrix: alength= 4 w= 9 nsites= 2036
0.22258523545205677	0.2119287704044278	0.43284332928168456	0.13264266486183088
0.007121820182039163	0.0043995302211510025	0.006012261240634503	0.9824663883561754
0.0014708106897689606	0.008824864138613733	0.9876335785426005	0.002070746629016821
0.968500137727448	0.00728954420806544	0.00451564685455381	0.0196946712099326
0.006463825926089871	0.6479847209879891	0.06759278248859249	0.27795867059732854
0.026541826596093613	0.06356095493988392	0.5505045459262363	0.3593926725377862
0.05372768344378361	0.5028341495315871	0.012798633370621102	0.4306395336540081
0.333978086434139	0.43830942106257903	0.12697812655775104	0.100734365945531
0.559788261284979	0.125719560960984	0.158723881568964	0.155768296185073
URL http://hocomoco.autosome.ru/motif/ATF3_HUMAN.H10MO.A

MOTIF ATF6A_HUMAN.H10MO.B
letter-probability matrix: alength= 4 w= 12 nsites= 20
0.18461538461538476	0.18461538461538476	0.5846153846153843	0.046153846153846045
0.0	0.215384615384615	0.323076923076923	0.461538461538462
0.0	0.261538461538462	0.6	0.138461538461538
0.09230769230769226	0.3999999999999998	0.4615384615384618	0.04615384615384607
0.0	0.030769230769230806	0.0	0.9692307692307691
0.0	0.046153846153846094	0.9538461538461538	0.0
0.923076923076923	0.0461538461538461	0.0	0.0307692307692308
0.0	1.0	0.0	0.0
0.0	0.0	1.0	0.0
0.0	0.0	0.0	1.0
0.0	0.09230769230769227	0.9076923076923077	0.0
0.09230769230769227	0.0	0.9076923076923077	0.0
URL http://hocomoco.autosome.ru/motif/ATF6A_HUMAN.H10MO.B

MOTIF ATF7_HUMAN.H10MO.D
letter-probability matrix: alength= 4 w= 11 nsites= 12644
0.21735605820942738	0.08733391331857007	0.44703021195824105	0.24827981651376146
0.5708834229674153	0.004290572603606453	0.4184791205314774	0.006346883897500791
0.0005140778234735843	0.0005931667193925973	0.00438943372350522	0.9945033217336287
0.00039544447959506484	0.00031635558367605187	0.9860012654223347	0.013286934514394179
0.9953337551407783	7.908889591901297e-05	0.004508067067383739	7.908889591901297e-05
7.908889591901297e-05	0.9920120215121797	0.005536222714330908	0.002372666877570389
0.0005536222714330908	0.0	0.9994463777285669	0.0
7.908889591901297e-05	0.0	0.0033217336285985446	0.9965991774754824
0.18566118316988295	0.8122825055362227	0.001384055678582727	0.0006722556153116102
0.9975482442265106	0.00031635558367605187	0.0015817779183802593	0.0005536222714330908
0.00506168933881683	0.04705789307181272	0.027364757987978487	0.9205156596013919
URL http://hocomoco.autosome.ru/motif/ATF7_HUMAN.H10MO.D

MOTIF ATOH1_HUMAN.H10MO.D
letter-probability matrix: alength= 4 w= 11 nsites= 561
0.09224598930481283	0.42201426024955435	0.09581105169340463	0.3899286987522282
0.48440285204991085	0.08868092691622104	0.3471479500891266	0.07976827094474154
0.49554367201426025	0.43672014260249553	0.024955436720142603	0.0427807486631016
0.025846702317290554	0.9438502673796791	0.00980392156862745	0.020499108734402853
0.9162210338680927	0.05169340463458111	0.0	0.03208556149732621
0.023172905525846704	0.08912655971479501	0.08021390374331551	0.8074866310160428
0.7593582887700535	0.20320855614973263	0.0	0.0374331550802139
0.029857397504456328	0.07620320855614973	0.008467023172905526	0.8854723707664884
0.034759358288770054	0.08823529411764706	0.7959001782531194	0.08110516934046345
0.05481283422459893	0.30614973262032086	0.12433155080213903	0.5147058823529411
0.07263814616755793	0.34536541889483063	0.06729055258467023	0.5147058823529411
URL http://hocomoco.autosome.ru/motif/ATOH1_HUMAN.H10MO.D

MOTIF BACH1_HUMAN.H10MO.A
letter-probability matrix: alength= 4 w= 13 nsites= 500
0.06281396647792144	0.16816501571357204	0.09751420921195812	0.6715068085965484
0.009158502402943552	0.0663882470846846	0.9224707929777255	0.001982457534646376
0.02086859382304058	0.9676691059648733	0.0039252358330896684	0.0075370643789964414
0.03617548349730601	0.07954911057064777	0.08010503915246077	0.8041703667795854
0.0038490170875203275	0.06131870514301696	0.8910156395125486	0.043816638256914196
0.8029310634061484	0.02057312781859885	0.12449759663192729	0.0519982121433254
0.013264217282370133	0.21485834164147802	0.7633253623929226	0.008552078683229157
0.006200823344533196	0.036136636010343844	0.14585683102739083	0.8118057096177322
0.016194377702172153	0.9438309705370267	0.03427357338347106	0.00570107837733011
0.7863887193678478	0.09580676095425514	0.08241977513528549	0.03538474454261158
0.009779276262837385	0.3342787749214673	0.25660695373536346	0.3993349950803319
0.1516085299826758	0.26555890474176774	0.3947212718566411	0.1881112934189154
0.10523573851565407	0.3785899472879071	0.37262503197580604	0.1435492822206328
URL http://hocomoco.autosome.ru/motif/BACH1_HUMAN.H10MO.A

MOTIF BARH1_HUMAN.H10MO.D
letter-probability matrix: alength= 4 w= 13 nsites= 5682
0.00743576205561422	0.00039598732840549105	0.0005719816965857093	0.9915962689193946
0.9947201689545935	0.0	0.0005279831045406547	0.004751847940865892
0.9994720168954594	0.0	0.00035198873636043646	0.00017599436818021823
0.48380851812741993	0.003695881731784583	0.030623020063357972	0.4818725800774375
0.03537486800422387	0.4320661738824358	0.028335093277015135	0.5042238648363252
0.06511791622668074	0.0008799718409010912	0.914466737064414	0.019535374868004225
0.12953185498064063	0.3646603308694122	0.3137979584653291	0.1920098556846181
0.061950017599436816	0.357268567405843	0.06159802886307638	0.5191833861316438
0.16825061598028862	0.3368532206969377	0.32382963745160154	0.17106652587117213
0.21673706441393875	0.3399331221400915	0.08755719816965857	0.35577261527631115
0.12412002815909891	0.0593541006687786	0.021867300246392114	0.7946585709257303
0.7274287222808871	0.01729144667370644	0.01658746920098557	0.23869236184442097
0.8586765223512848	0.02006335797254488	0.019535374868004225	0.10172474480816614
URL http://hocomoco.autosome.ru/motif/BARH1_HUMAN.H10MO.D

MOTIF BARH2_HUMAN.H10MO.D
letter-probability matrix: alength= 4 w= 18 nsites= 42825
0.22127717345262224	0.22962581569540227	0.4139794480987336	0.13511756275324177
0.1670573267939142	0.38505633857471	0.12135482042262147	0.3265315142087542
0.009023240969902195	0.006220911523664405	0.006058320090944156	0.9786975274154893
0.9884010852256632	0.000650365730881003	0.0014781039338204616	0.009470445109635156
0.9982817041769337	0.0007796998250902955	0.0006466704710464537	0.0002919255269295422
0.47616491282133067	0.0018069820590954364	0.03088502028107765	0.4911430848384962
0.016553207935930667	0.44779873725578206	0.016875745818075116	0.5187723089902122
0.02107857874160842	0.00169005623603789	0.9713939047603014	0.005837460262052285
0.20419157588540676	0.24764736427729098	0.3465989528312359	0.20156210700606647
0.056587380236392475	0.27545115998631375	0.062417177763666246	0.6055442820136275
0.14458485756520448	0.3834727445122082	0.29438259771672276	0.17755980020586443
0.21869127016180834	0.3793953939596508	0.13357955713258585	0.268333778745955
0.26855545522017327	0.12233270320322699	0.10111055375830151	0.5080012878182983
0.5225364166221665	0.020840098374723833	0.04981918122650125	0.4068043037766082
0.49037170899401417	0.01847909955555562	0.013729095961400083	0.47742009548903
0.419909911986651	0.032216324982200444	0.04966588635116982	0.49820787667997873
0.33649459543657106	0.18209792866560456	0.11801061080431091	0.3633968650935136
0.22819077150379782	0.15570579991313674	0.4354601483845264	0.18064328019853887
URL http://hocomoco.autosome.ru/motif/BARH2_HUMAN.H10MO.D

MOTIF BARX1_HUMAN.H10MO.D
letter-probability matrix: alength= 4 w= 17 nsites= 3126
0.0209532949456174	0.000799744081893794	0.000799744081893794	0.977447216890595
0.9948016634676904	0.0005598208573256558	0.0031190019193857964	0.0015195137555982087
0.9985604606525912	0.0004798464491362764	0.0004798464491362764	0.0004798464491362764
0.041426743442098526	0.01583493282149712	0.07597568777991043	0.8667626359564939
0.009836852207293667	0.4772072936660269	0.19665706973768393	0.3162987843889955
0.049664107485604604	0.0423064619321817	0.8606046065259118	0.04742482405630198
0.1897792706333973	0.184021113243762	0.31198016634676906	0.31421944977607164
0.1110044785668586	0.03838771593090211	0.014395393474088292	0.836212412028151
0.5678182981445937	0.014395393474088292	0.005758157389635317	0.41202815099168266
0.18618042226487524	0.010876519513755598	0.02143314139475368	0.7815099168266155
0.10204734484964811	0.01471529110684581	0.014395393474088292	0.8688419705694178
0.0019193857965451055	0.005438259756877799	0.0	0.9926423544465771
0.9898432501599488	0.0007197696737044146	0.0067978246960972485	0.00263915547024952
0.9968010236724248	0.0003198976327575176	0.0022392834293026233	0.0006397952655150352
0.01727447216890595	0.04030710172744722	0.05758157389635317	0.8848368522072937
0.05230326295585413	0.18570057581573896	0.35236724248240564	0.40962891874600127
0.1987364043506078	0.0586212412028151	0.6267594369801663	0.11588291746641075
URL http://hocomoco.autosome.ru/motif/BARX1_HUMAN.H10MO.D

MOTIF BARX2_HUMAN.H10MO.D
letter-probability matrix: alength= 4 w= 10 nsites= 14
0.14173228346456693	0.14173228346456693	0.07086614173228346	0.6456692913385826
0.0	0.433070866141732	0.141732283464567	0.425196850393701
0.4251968503937009	0.14173228346456698	0.291338582677165	0.14173228346456698
0.283464566929134	0.149606299212598	0.0	0.566929133858268
0.0	0.0	0.0	1.0
0.9291338582677166	0.0	0.07086614173228355	0.0
1.0	0.0	0.0	0.0
0.0	0.0	0.0	1.0
0.0	0.07086614173228355	0.43307086614173224	0.49606299212598426
0.35433070866141697	0.0	0.503937007874016	0.14173228346456698
URL http://hocomoco.autosome.ru/motif/BARX2_HUMAN.H10MO.D

MOTIF BATF3_HUMAN.H10MO.D
letter-probability matrix: alength= 4 w= 12 nsites= 63
0.1984126984126984	0.3412698412698413	0.1349206349206349	0.3253968253968254
0.32936507936507936	0.21825396825396826	0.09126984126984126	0.3611111111111111
0.20238095238095238	0.1865079365079365	0.20238095238095238	0.4087301587301587
0.03571428571428571	0.3531746031746032	0.03571428571428571	0.5753968253968254
0.49206349206349204	0.0	0.36507936507936506	0.14285714285714285
0.14285714285714285	0.31746031746031744	0.031746031746031744	0.5079365079365079
0.015873015873015872	0.0	0.06349206349206349	0.9206349206349206
0.015873015873015872	0.0	0.15873015873015872	0.8253968253968254
0.7182539682539683	0.19444444444444445	0.03571428571428571	0.051587301587301584
0.007936507936507936	0.9444444444444444	0.023809523809523808	0.023809523809523808
0.05952380952380952	0.09126984126984126	0.7738095238095238	0.07539682539682539
0.1626984126984127	0.13095238095238096	0.27380952380952384	0.43253968253968256
URL http://hocomoco.autosome.ru/motif/BATF3_HUMAN.H10MO.D

MOTIF BATF_HUMAN.H10MO.A
letter-probability matrix: alength= 4 w= 18 nsites= 499
0.49355668119035967	0.09504665329259662	0.23813425185653828	0.17326241366050554
0.11609921922748334	0.3591265401802908	0.2958691009944652	0.22890513959776074
0.04233330993502592	0.021690190193261825	0.1344208344490328	0.8015556654226794
0.13962683506063314	0.3443810881612324	0.05628002877638462	0.4597120480017498
0.0968677223923734	0.32830587368289343	0.06159931899075248	0.5132270849339807
0.17591572777627795	0.4762040108303973	0.0855836003614571	0.26229666103186766
0.27898324115349554	0.11070244632251387	0.418077024356624	0.1922372881673665
0.35579509891232786	0.11072698829415399	0.19065096954992422	0.34282694324359386
0.2941880219470696	0.017546534667057252	0.10298897375153077	0.5852764696343423
0.619643770369304	0.09822620107008574	0.024218323937150277	0.2579117046234601
0.0	0.0	0.0	1.0
0.0021240607739477246	0.015575330418732249	0.897547019207509	0.08475358959981096
0.9663679827311668	0.0	0.010217570806418146	0.02341444646241523
0.07533533025085974	0.5214503493845389	0.38131450458222127	0.021899815782380098
0.03319012719414137	0.013113888921860843	0.0037879963505195475	0.9499079875334783
0.2130382804643988	0.6167978539825044	0.13277087524942938	0.037392990303667474
0.727073791331076	0.019184548283184555	0.09703806674945355	0.15670359363628591
0.1602420710716508	0.17878735301799684	0.39755517167958765	0.2634154042307647
URL http://hocomoco.autosome.ru/motif/BATF_HUMAN.H10MO.A

MOTIF BATF_HUMAN.H10MO.S
letter-probability matrix: alength= 4 w= 10 nsites= 1878
0.411650875747768	0.30390548174780896	0.14335905318076297	0.14108458932366
0.04916409460739512	0.0	0.01035558697527012	0.9404803184173347
0.0	0.03468046147548059	0.8728133269747702	0.09250621154974917
0.958082219446556	0.0	0.0035964214817117966	0.03832135907173215
0.0	0.0	0.9373611504491358	0.06263884955086424
0.0005303519632248794	0.011034404772245305	0.035116053745843	0.9533191895186868
0.08809808473436986	0.9093819613723444	0.002519953893285666	0.0
0.9931333954709664	0.0	0.0	0.0068666045290335835
0.12301194930676888	0.14200593705105985	0.2618875219663628	0.4730945916758086
0.3874820058916468	0.18953513027715888	0.09286155609828264	0.33012130773291176
URL http://hocomoco.autosome.ru/motif/BATF_HUMAN.H10MO.S

MOTIF BC11A_HUMAN.H10MO.C
letter-probability matrix: alength= 4 w= 17 nsites= 500
0.37575529524866136	0.18461163229121472	0.2862017784529489	0.15343129400717503
0.5506399334364085	0.09944039343658076	0.22408899961016535	0.12583067351684535
0.5002143207709541	0.14234162807097858	0.23070998207640445	0.12673406908166296
0.590049663167603	0.016569688420650885	0.22604633820580655	0.16733431020593967
0.18742260351576667	0.16077848740848824	0.5804826180758048	0.07131629099994027
0.6645935915837344	0.014534547661321463	0.2693805231382425	0.051491337616701625
0.1040080052195345	0.014441329127484887	0.828666218305553	0.05288444734742768
0.20040701922923773	0.032728219489455486	0.7586481746376798	0.008216586643627115
0.8802237275552519	0.043083930721365585	0.04855719036198365	0.028135151361398714
0.867987375836269	0.005790813085135216	0.055505275110618355	0.07071653596797746
0.24839843125560693	0.2260417570194329	0.5021911906739079	0.02336862105105214
0.15013767387109334	0.15497320001405637	0.03151483558062445	0.6633742905342259
0.1178059638634684	0.07245682321214182	0.7602907849195273	0.04944642800486248
0.6588305672071494	0.06437592011290072	0.2506634266084105	0.026130086071539375
0.4588264413891986	0.1434316520837324	0.31017830186750794	0.08756360465956105
0.6227766292308643	0.07881074396078597	0.1572756051900455	0.14113702161830433
0.35900708400436	0.2046912692024919	0.31808961221658016	0.11821203457656795
URL http://hocomoco.autosome.ru/motif/BC11A_HUMAN.H10MO.C

MOTIF BCL6B_HUMAN.H10MO.D
letter-probability matrix: alength= 4 w= 11 nsites= 66
0.3484848484848485	0.2727272727272727	0.16666666666666666	0.21212121212121213
0.045454545454545456	0.36363636363636365	0.015151515151515152	0.5757575757575758
0.06060606060606061	0.0	0.9242424242424242	0.015151515151515152
0.0	0.9696969696969697	0.0	0.030303030303030304
0.13636363636363635	0.0	0.0	0.8636363636363636
0.0	0.015151515151515152	0.0	0.9848484848484849
0.0	0.0	0.0	1.0
0.0	1.0	0.0	0.0
0.0	0.0	0.4393939393939394	0.5606060606060606
0.9734848484848485	0.003787878787878788	0.01893939393939394	0.003787878787878788
0.003787878787878788	0.003787878787878788	0.9886363636363636	0.003787878787878788
URL http://hocomoco.autosome.ru/motif/BCL6B_HUMAN.H10MO.D

MOTIF BCL6_HUMAN.H10MO.C
letter-probability matrix: alength= 4 w= 16 nsites= 33
0.382165605095541	0.143312101910828	0.226114649681529	0.24840764331210197
0.5191082802547773	0.05732484076433123	0.1687898089171971	0.25477707006369416
0.42675159235668825	0.07961783439490452	0.2929936305732482	0.20063694267515908
0.37340764331210174	0.06449044585987256	0.26194267515923586	0.30015923566878977
0.2547770700636942	0.057324840764331246	0.48407643312101944	0.2038216560509552
0.154458598726115	0.558917197452229	0.103503184713376	0.18312101910828
0.2866242038216561	0.08598726114649682	0.03184713375796181	0.5955414012738852
0.12181528662420395	0.035828025477706985	0.007165605095541396	0.8351910828025476
0.09315286624203824	0.03582802547770701	0.007165605095541402	0.8638535031847134
0.0	0.9426751592356689	0.028662420382165592	0.028662420382165592
0.121815286624204	0.265127388535032	0.121815286624204	0.49124203821655993
0.5923566878980889	0.0	0.057324840764331184	0.35031847133757993
0.226114649681529	0.114649681528662	0.659235668789809	0.0
0.114649681528662	0.0	0.764331210191083	0.121019108280255
0.7173566878980888	0.03582802547770699	0.20780254777070098	0.03901273885350318
0.6035031847133758	0.04299363057324838	0.16401273885350295	0.18949044585987293
URL http://hocomoco.autosome.ru/motif/BCL6_HUMAN.H10MO.C

MOTIF BHA15_HUMAN.H10MO.D
letter-probability matrix: alength= 4 w= 11 nsites= 1415
0.1627208480565371	0.3676678445229682	0.21784452296819787	0.25176678445229683
0.4157243816254417	0.08074204946996466	0.246113074204947	0.2574204946996466
0.11802120141342756	0.8756183745583039	0.0049469964664310955	0.0014134275618374558
0.0007067137809187279	0.9985865724381625	0.0007067137809187279	0.0
0.9886925795053003	0.0	0.01060070671378092	0.0007067137809187279
0.0	0.0	0.011307420494699646	0.9886925795053003
0.9872791519434629	0.012014134275618375	0.0007067137809187279	0.0
0.0007067137809187279	0.0049469964664310955	0.0	0.9943462897526502
0.0	0.0	0.9992932862190813	0.0007067137809187279
0.0028268551236749115	0.15971731448763252	0.4134275618374558	0.42402826855123676
0.044346289752650175	0.14681978798586573	0.04717314487632509	0.761660777385159
URL http://hocomoco.autosome.ru/motif/BHA15_HUMAN.H10MO.D

MOTIF BHE22_HUMAN.H10MO.D
letter-probability matrix: alength= 4 w= 13 nsites= 2246
0.5888245770258237	0.10707925200356189	0.19568121104185218	0.10841495992876224
0.3078806767586821	0.3817898486197685	0.21260017809439002	0.09772929652715939
0.0	1.0	0.0	0.0
0.9991095280498664	0.0	0.0008904719501335708	0.0
0.0	0.0	0.0	1.0
1.0	0.0	0.0	0.0
0.0	0.0	0.0	1.0
0.0	0.0	1.0	0.0
0.0	0.051647373107747106	0.1856634016028495	0.7626892252894034
0.006010685663401603	0.011798753339269812	0.006010685663401603	0.976179875333927
0.10719056099732859	0.11386910062333036	0.05955031166518255	0.7193900267141585
0.188780053428317	0.1892252894033838	0.10418521816562779	0.5178094390026714
0.1859973285841496	0.15928317008014248	0.14503561887800534	0.5096838824577026
URL http://hocomoco.autosome.ru/motif/BHE22_HUMAN.H10MO.D

MOTIF BHE23_HUMAN.H10MO.D
letter-probability matrix: alength= 4 w= 12 nsites= 392
0.41262755102040816	0.09885204081632654	0.3284438775510204	0.1600765306122449
0.2385204081632653	0.19260204081632654	0.4017857142857143	0.16709183673469388
0.11798469387755102	0.49808673469387754	0.2659438775510204	0.11798469387755102
0.5771683673469388	0.03380102040816327	0.2889030612244898	0.10012755102040816
0.11224489795918367	0.02806122448979592	0.23979591836734693	0.6198979591836735
0.5688775510204082	0.017857142857142856	0.29081632653061223	0.12244897959183673
0.10459183673469388	0.002551020408163265	0.0	0.8928571428571429
0.0	0.0	1.0	0.0
0.012755102040816327	0.05612244897959184	0.6147959183673469	0.3163265306122449
0.09821428571428571	0.1211734693877551	0.1441326530612245	0.6364795918367347
0.20344387755102042	0.11415816326530612	0.4024234693877551	0.2799744897959184
0.1447704081632653	0.19323979591836735	0.382015306122449	0.2799744897959184
URL http://hocomoco.autosome.ru/motif/BHE23_HUMAN.H10MO.D

MOTIF BHE40_HUMAN.H10MO.A
letter-probability matrix: alength= 4 w= 9 nsites= 2037
0.1097576147313011	0.005546062557856915	0.5890167653629547	0.2956795573478873
0.0828199363453937	0.915872339909013	0.000667618876823478	0.000640104868769723
0.9795738774351068	0.020426122564893193	0.0	0.0
0.00159308331483643	0.944117724763308	0.0335869948384153	0.0207021970834402
0.050295804343228695	0.00205620859110081	0.9461253574102709	0.0015226296553995898
0.045139160101727596	0.026943292601033297	0.011683575078175199	0.9162339722190639
0.0	0.0	1.0	0.0
0.6861635530567476	0.1485825998621229	0.08501387813260625	0.08023996894852325
0.07463203453088467	0.5109522194115	0.3025744089426985	0.11184133711491681
URL http://hocomoco.autosome.ru/motif/BHE40_HUMAN.H10MO.A

MOTIF BHE41_HUMAN.H10MO.D
letter-probability matrix: alength= 4 w= 20 nsites= 10
0.38402061855670094	0.07474226804123708	0.16752577319587597	0.37371134020618596
0.0	0.5876288659793814	0.41237113402061853	0.0
0.2989690721649482	0.3092783505154642	0.2989690721649482	0.09278350515463926
0.402061855670103	0.10309278350515498	0.494845360824742	0.0
0.1030927835051549	0.1030927835051549	0.4123711340206186	0.38144329896907164
0.0	0.402061855670103	0.494845360824742	0.10309278350515498
0.0	0.494845360824742	0.0	0.505154639175258
0.0	1.0	0.0	0.0
0.7113402061855668	0.0	0.19587628865979392	0.09278350515463916
0.20618556701030896	0.5979381443298969	0.09278350515463918	0.10309278350515497
0.0	0.10309278350515497	0.8041237113402059	0.09278350515463918
0.0	0.0	0.0	1.0
0.0	0.0	1.0	0.0
0.30927835051546393	0.5979381443298969	0.09278350515463918	0.0
0.41237113402061853	0.19587628865979378	0.10309278350515487	0.28865979381443274
0.0	0.09278350515463918	0.7113402061855669	0.19587628865979398
0.494845360824742	0.195876288659794	0.309278350515464	0.0
0.40206185567010294	0.09278350515463918	0.40206185567010294	0.10309278350515497
0.30927835051546365	0.10309278350515487	0.5876288659793814	0.0
0.231958762886598	0.324742268041237	0.324742268041237	0.118556701030928
URL http://hocomoco.autosome.ru/motif/BHE41_HUMAN.H10MO.D

MOTIF BMAL1_HUMAN.H10MO.C
letter-probability matrix: alength= 4 w= 14 nsites= 15
0.157692307692308	0.126923076923077	0.296153846153846	0.41923076923076896
0.038461538461538505	0.0	0.8923076923076922	0.06923076923076922
0.3153846153846152	0.1461538461538461	0.46923076923076934	0.06923076923076925
0.6076923076923081	0.0	0.146153846153846	0.246153846153846
0.0	0.9615384615384616	0.0	0.03846153846153848
1.0	0.0	0.0	0.0
0.0	1.0	0.0	0.0
0.0	0.0	1.0	0.0
