MEME version 4

ALPHABET= ACGT

strands: + -

Background letter frequencies (from uniform background):
A 0.25000 C 0.25000 G 0.25000 T 0.25000 

MOTIF MA0001.1 SEP4

letter-probability matrix: alength= 4 w= 10 nsites= 97 E= 0
  0.000000	  0.969072	  0.010309	  0.020619	
  0.030928	  0.773196	  0.000000	  0.195876	
  0.814433	  0.041237	  0.030928	  0.113402	
  0.412371	  0.030928	  0.041237	  0.515464	
  0.680412	  0.010309	  0.010309	  0.298969	
  0.494845	  0.020619	  0.000000	  0.484536	
  0.670103	  0.051546	  0.051546	  0.226804	
  0.113402	  0.020619	  0.030928	  0.835052	
  0.670103	  0.030928	  0.288660	  0.010309	
  0.000000	  0.030928	  0.907216	  0.061856	

URL http://rohslab.cmb.usc.edu/TFBSshape/?tfid=10&sourceDB=jaspar

MOTIF MA0004.1 Arnt

letter-probability matrix: alength= 4 w= 6 nsites= 20 E= 0
  0.200000	  0.800000	  0.000000	  0.000000	
  0.950000	  0.000000	  0.050000	  0.000000	
  0.000000	  1.000000	  0.000000	  0.000000	
  0.000000	  0.000000	  1.000000	  0.000000	
  0.000000	  0.000000	  0.000000	  1.000000	
  0.000000	  0.000000	  1.000000	  0.000000	

URL http://rohslab.cmb.usc.edu/TFBSshape/?tfid=11&sourceDB=jaspar

MOTIF MA0005.1 AG

letter-probability matrix: alength= 4 w= 11 nsites= 90 E= 0
  0.000000	  0.966667	  0.022222	  0.011111	
  0.022222	  0.955556	  0.000000	  0.022222	
  0.422222	  0.100000	  0.077778	  0.400000	
  0.677778	  0.055556	  0.022222	  0.244444	
  0.811111	  0.011111	  0.011111	  0.166667	
  0.344444	  0.033333	  0.044444	  0.577778	
  0.255556	  0.177778	  0.188889	  0.377778	
  0.222222	  0.144444	  0.288889	  0.344444	
  0.244444	  0.000000	  0.711111	  0.044444	
  0.011111	  0.000000	  0.911111	  0.077778	
  0.300000	  0.277778	  0.100000	  0.322222	

URL http://rohslab.cmb.usc.edu/TFBSshape/?tfid=12&sourceDB=jaspar

MOTIF MA0006.1 Arnt::Ahr

letter-probability matrix: alength= 4 w= 6 nsites= 24 E= 0
  0.125000	  0.333333	  0.083333	  0.458333	
  0.000000	  0.000000	  0.958333	  0.041667	
  0.000000	  0.958333	  0.000000	  0.041667	
  0.000000	  0.000000	  0.958333	  0.041667	
  0.000000	  0.000000	  0.000000	  1.000000	
  0.000000	  0.000000	  1.000000	  0.000000	

URL http://rohslab.cmb.usc.edu/TFBSshape/?tfid=13&sourceDB=jaspar

MOTIF MA0008.1 HAT5

letter-probability matrix: alength= 4 w= 8 nsites= 25 E= 0
  0.120000	  0.520000	  0.160000	  0.200000	
  0.840000	  0.040000	  0.000000	  0.120000	
  1.000000	  0.000000	  0.000000	  0.000000	
  0.000000	  0.000000	  0.000000	  1.000000	
  0.000000	  0.200000	  0.000000	  0.800000	
  0.960000	  0.000000	  0.040000	  0.000000	
  0.040000	  0.000000	  0.000000	  0.960000	
  0.000000	  0.000000	  0.080000	  0.920000	

URL http://rohslab.cmb.usc.edu/TFBSshape/?tfid=15&sourceDB=jaspar

MOTIF MA0009.1 T

letter-probability matrix: alength= 4 w= 11 nsites= 40 E= 0
  0.050000	  0.700000	  0.200000	  0.050000	
  0.025000	  0.025000	  0.000000	  0.950000	
  1.000000	  0.000000	  0.000000	  0.000000	
  0.000000	  0.000000	  1.000000	  0.000000	
  0.000000	  0.000000	  1.000000	  0.000000	
  0.000000	  0.000000	  0.000000	  1.000000	
  0.000000	  0.000000	  1.000000	  0.000000	
  0.000000	  0.050000	  0.000000	  0.950000	
  0.025000	  0.175000	  0.700000	  0.100000	
  1.000000	  0.000000	  0.000000	  0.000000	
  0.775000	  0.125000	  0.000000	  0.100000	

URL http://rohslab.cmb.usc.edu/TFBSshape/?tfid=16&sourceDB=jaspar

MOTIF MA0010.1 br_Z1

letter-probability matrix: alength= 4 w= 14 nsites= 9 E= 0
  0.333333	  0.111111	  0.444444	  0.111111	
  0.111111	  0.111111	  0.111111	  0.666667	
  0.555556	  0.222222	  0.111111	  0.111111	
  0.777778	  0.000000	  0.111111	  0.111111	
  0.333333	  0.000000	  0.000000	  0.666667	
  0.666667	  0.000000	  0.000000	  0.333333	
  0.444444	  0.111111	  0.444444	  0.000000	
  0.777778	  0.000000	  0.111111	  0.111111	
  0.111111	  0.888889	  0.000000	  0.000000	
  1.000000	  0.000000	  0.000000	  0.000000	
  0.888889	  0.000000	  0.111111	  0.000000	
  0.555556	  0.000000	  0.333333	  0.111111	
  0.444444	  0.000000	  0.000000	  0.555556	
  0.222222	  0.333333	  0.222222	  0.222222	

URL http://rohslab.cmb.usc.edu/TFBSshape/?tfid=17&sourceDB=jaspar

MOTIF MA0011.1 br_Z2

letter-probability matrix: alength= 4 w= 8 nsites= 12 E= 0
  0.250000	  0.083333	  0.083333	  0.583333	
  0.416667	  0.166667	  0.083333	  0.333333	
  0.000000	  0.833333	  0.000000	  0.166667	
  0.000000	  0.083333	  0.000000	  0.916667	
  1.000000	  0.000000	  0.000000	  0.000000	
  0.083333	  0.083333	  0.166667	  0.666667	
  0.166667	  0.000000	  0.083333	  0.750000	
  0.083333	  0.166667	  0.083333	  0.666667	

URL http://rohslab.cmb.usc.edu/TFBSshape/?tfid=18&sourceDB=jaspar

MOTIF MA0012.1 br_Z3

letter-probability matrix: alength= 4 w= 11 nsites= 12 E= 0
  0.250000	  0.083333	  0.083333	  0.583333	
  0.750000	  0.166667	  0.083333	  0.000000	
  0.833333	  0.000000	  0.000000	  0.166667	
  1.000000	  0.000000	  0.000000	  0.000000	
  0.000000	  0.833333	  0.083333	  0.083333	
  0.333333	  0.000000	  0.000000	  0.666667	
  0.833333	  0.000000	  0.000000	  0.166667	
  0.500000	  0.000000	  0.333333	  0.166667	
  0.500000	  0.083333	  0.166667	  0.250000	
  0.333333	  0.250000	  0.166667	  0.250000	
  0.166667	  0.250000	  0.416667	  0.166667	

URL http://rohslab.cmb.usc.edu/TFBSshape/?tfid=19&sourceDB=jaspar

MOTIF MA0013.1 br_Z4

letter-probability matrix: alength= 4 w= 11 nsites= 6 E= 0
  0.166667	  0.166667	  0.000000	  0.666667	
  0.666667	  0.000000	  0.000000	  0.333333	
  0.333333	  0.000000	  0.666667	  0.000000	
  0.166667	  0.000000	  0.000000	  0.833333	
  0.833333	  0.000000	  0.166667	  0.000000	
  1.000000	  0.000000	  0.000000	  0.000000	
  0.833333	  0.000000	  0.166667	  0.000000	
  0.166667	  0.500000	  0.166667	  0.166667	
  0.500000	  0.000000	  0.166667	  0.333333	
  0.833333	  0.000000	  0.000000	  0.166667	
  0.500000	  0.166667	  0.000000	  0.333333	

URL http://rohslab.cmb.usc.edu/TFBSshape/?tfid=20&sourceDB=jaspar

MOTIF MA0015.1 Cf2_II

letter-probability matrix: alength= 4 w= 10 nsites= 80 E= 0
  0.312500	  0.162500	  0.500000	  0.025000	
  0.012500	  0.025000	  0.012500	  0.950000	
  0.925000	  0.025000	  0.050000	  0.000000	
  0.000000	  0.112500	  0.050000	  0.837500	
  0.975000	  0.025000	  0.000000	  0.000000	
  0.012500	  0.050000	  0.012500	  0.925000	
  0.512500	  0.025000	  0.450000	  0.012500	
  0.025000	  0.112500	  0.012500	  0.850000	
  0.662500	  0.037500	  0.250000	  0.050000	
  0.150000	  0.362500	  0.187500	  0.300000	

URL http://rohslab.cmb.usc.edu/TFBSshape/?tfid=22&sourceDB=jaspar

MOTIF MA0016.1 usp

letter-probability matrix: alength= 4 w= 10 nsites= 38 E= 0
  0.000000	  0.026316	  0.973684	  0.000000	
  0.026316	  0.000000	  0.947368	  0.026316	
  0.000000	  0.000000	  1.000000	  0.000000	
  0.000000	  0.000000	  1.000000	  0.000000	
  0.000000	  0.000000	  0.000000	  1.000000	
  0.000000	  0.947368	  0.026316	  0.026316	
  0.921053	  0.000000	  0.078947	  0.000000	
  0.131579	  0.657895	  0.078947	  0.131579	
  0.131579	  0.210526	  0.578947	  0.078947	
  0.157895	  0.263158	  0.421053	  0.157895	

URL http://rohslab.cmb.usc.edu/TFBSshape/?tfid=23&sourceDB=jaspar

MOTIF MA0017.1 NR2F1

letter-probability matrix: alength= 4 w= 14 nsites= 13 E= 0
  0.000000	  0.000000	  0.153846	  0.846154	
  0.076923	  0.000000	  0.923077	  0.000000	
  0.923077	  0.000000	  0.076923	  0.000000	
  0.461538	  0.538462	  0.000000	  0.000000	
  0.000000	  1.000000	  0.000000	  0.000000	
  0.000000	  0.230769	  0.000000	  0.769231	
  0.000000	  0.153846	  0.000000	  0.846154	
  0.076923	  0.000000	  0.000000	  0.923077	
  0.153846	  0.000000	  0.846154	  0.000000	
  0.461538	  0.307692	  0.230769	  0.000000	
  0.461538	  0.384615	  0.076923	  0.076923	
  0.076923	  0.769231	  0.076923	  0.076923	
  0.230769	  0.461538	  0.000000	  0.307692	
  0.000000	  0.230769	  0.230769	  0.538462	

URL http://rohslab.cmb.usc.edu/TFBSshape/?tfid=24&sourceDB=jaspar

MOTIF MA0019.1 Ddit3::Cebpa

letter-probability matrix: alength= 4 w= 12 nsites= 39 E= 0
  0.358974	  0.179487	  0.307692	  0.153846	
  0.282051	  0.179487	  0.358974	  0.179487	
  0.461538	  0.076923	  0.384615	  0.076923	
  0.000000	  0.025641	  0.000000	  0.974359	
  0.000000	  0.000000	  0.974359	  0.025641	
  0.102564	  0.846154	  0.000000	  0.051282	
  0.974359	  0.025641	  0.000000	  0.000000	
  0.923077	  0.051282	  0.025641	  0.000000	
  0.000000	  0.153846	  0.000000	  0.846154	
  0.358974	  0.435897	  0.128205	  0.076923	
  0.102564	  0.589744	  0.230769	  0.076923	
  0.000000	  0.666667	  0.153846	  0.179487	

URL http://rohslab.cmb.usc.edu/TFBSshape/?tfid=26&sourceDB=jaspar

MOTIF MA0020.1 Dof2

letter-probability matrix: alength= 4 w= 6 nsites= 21 E= 0
  1.000000	  0.000000	  0.000000	  0.000000	
  1.000000	  0.000000	  0.000000	  0.000000	
  1.000000	  0.000000	  0.000000	  0.000000	
  0.000000	  0.000000	  1.000000	  0.000000	
  0.142857	  0.666667	  0.095238	  0.095238	
  0.333333	  0.285714	  0.142857	  0.238095	

URL http://rohslab.cmb.usc.edu/TFBSshape/?tfid=27&sourceDB=jaspar

MOTIF MA0021.1 Dof3

letter-probability matrix: alength= 4 w= 6 nsites= 21 E= 0
  1.000000	  0.000000	  0.000000	  0.000000	
  1.000000	  0.000000	  0.000000	  0.000000	
  1.000000	  0.000000	  0.000000	  0.000000	
  0.000000	  0.000000	  1.000000	  0.000000	
  0.000000	  0.476190	  0.142857	  0.380952	
  0.285714	  0.285714	  0.428571	  0.000000	

URL http://rohslab.cmb.usc.edu/TFBSshape/?tfid=28&sourceDB=jaspar

MOTIF MA0022.1 dl_1

letter-probability matrix: alength= 4 w= 12 nsites= 13 E= 0
  0.000000	  0.384615	  0.461538	  0.153846	
  0.000000	  0.000000	  0.923077	  0.076923	
  0.000000	  0.076923	  0.846154	  0.076923	
  0.000000	  0.000000	  0.769231	  0.230769	
  0.076923	  0.076923	  0.230769	  0.615385	
  0.076923	  0.000000	  0.153846	  0.769231	
  0.076923	  0.000000	  0.000000	  0.923077	
  0.000000	  0.000000	  0.000000	  1.000000	
  0.000000	  0.230769	  0.000000	  0.769231	
  0.076923	  0.692308	  0.000000	  0.230769	
  0.076923	  0.692308	  0.076923	  0.153846	
  0.230769	  0.384615	  0.384615	  0.000000	

URL http://rohslab.cmb.usc.edu/TFBSshape/?tfid=29&sourceDB=jaspar

MOTIF MA0023.1 dl_2

letter-probability matrix: alength= 4 w= 10 nsites= 9 E= 0
  0.000000	  0.111111	  0.777778	  0.111111	
  0.000000	  0.000000	  0.777778	  0.222222	
  0.000000	  0.000000	  1.000000	  0.000000	
  0.000000	  0.000000	  0.888889	  0.111111	
  0.444444	  0.111111	  0.000000	  0.444444	
  0.222222	  0.111111	  0.000000	  0.666667	
  0.000000	  0.000000	  0.000000	  1.000000	
  0.000000	  0.111111	  0.000000	  0.888889	
  0.000000	  1.000000	  0.000000	  0.000000	
  0.111111	  0.888889	  0.000000	  0.000000	

URL http://rohslab.cmb.usc.edu/TFBSshape/?tfid=30&sourceDB=jaspar

MOTIF MA0025.1 NFIL3

letter-probability matrix: alength= 4 w= 11 nsites= 23 E= 0
  0.043478	  0.000000	  0.000000	  0.956522	
  0.000000	  0.000000	  0.086957	  0.913043	
  0.956522	  0.000000	  0.000000	  0.043478	
  0.000000	  0.347826	  0.000000	  0.652174	
  0.086957	  0.000000	  0.913043	  0.000000	
  0.000000	  0.000000	  0.000000	  1.000000	
  1.000000	  0.000000	  0.000000	  0.000000	
  0.956522	  0.000000	  0.043478	  0.000000	
  0.000000	  0.478261	  0.173913	  0.347826	
  0.304348	  0.217391	  0.304348	  0.173913	
  0.217391	  0.217391	  0.130435	  0.434783	

URL http://rohslab.cmb.usc.edu/TFBSshape/?tfid=32&sourceDB=jaspar

MOTIF MA0026.1 Eip74EF

letter-probability matrix: alength= 4 w= 7 nsites= 17 E= 0
  0.117647	  0.705882	  0.117647	  0.058824	
  0.294118	  0.705882	  0.000000	  0.000000	
  0.000000	  0.000000	  1.000000	  0.000000	
  0.000000	  0.000000	  1.000000	  0.000000	
  1.000000	  0.000000	  0.000000	  0.000000	
  1.000000	  0.000000	  0.000000	  0.000000	
  0.294118	  0.058824	  0.588235	  0.058824	

URL http://rohslab.cmb.usc.edu/TFBSshape/?tfid=33&sourceDB=jaspar

MOTIF MA0027.1 En1

letter-probability matrix: alength= 4 w= 11 nsites= 10 E= 0
  0.400000	  0.100000	  0.200000	  0.300000	
  0.500000	  0.200000	  0.200000	  0.100000	
  0.300000	  0.000000	  0.700000	  0.000000	
  0.000000	  0.000000	  0.200000	  0.800000	
  0.400000	  0.000000	  0.300000	  0.300000	
  0.300000	  0.000000	  0.700000	  0.000000	
  0.300000	  0.000000	  0.000000	  0.700000	
  0.200000	  0.100000	  0.400000	  0.300000	
  0.100000	  0.300000	  0.300000	  0.300000	
  0.100000	  0.400000	  0.100000	  0.400000	
  0.100000	  0.600000	  0.100000	  0.200000	

URL http://rohslab.cmb.usc.edu/TFBSshape/?tfid=34&sourceDB=jaspar

MOTIF MA0028.1 ELK1

letter-probability matrix: alength= 4 w= 10 nsites= 28 E= 0
  0.250000	  0.250000	  0.357143	  0.142857	
  0.357143	  0.214286	  0.214286	  0.214286	
  0.321429	  0.142857	  0.357143	  0.178571	
  0.178571	  0.678571	  0.035714	  0.107143	
  0.071429	  0.857143	  0.035714	  0.035714	
  0.000000	  0.000000	  0.857143	  0.142857	
  0.035714	  0.000000	  0.964286	  0.000000	
  0.964286	  0.000000	  0.035714	  0.000000	
  0.750000	  0.178571	  0.000000	  0.071429	
  0.464286	  0.000000	  0.500000	  0.035714	

URL http://rohslab.cmb.usc.edu/TFBSshape/?tfid=35&sourceDB=jaspar

MOTIF MA0029.1 Mecom

letter-probability matrix: alength= 4 w= 14 nsites= 27 E= 0
  0.518519	  0.074074	  0.222222	  0.185185	
  0.740741	  0.037037	  0.074074	  0.148148	
  0.000000	  0.037037	  0.925926	  0.037037	
  1.000000	  0.000000	  0.000000	  0.000000	
  0.037037	  0.370370	  0.000000	  0.592593	
  1.000000	  0.000000	  0.000000	  0.000000	
  0.962963	  0.000000	  0.037037	  0.000000	
  0.000000	  0.000000	  1.000000	  0.000000	
  1.000000	  0.000000	  0.000000	  0.000000	
  0.000000	  0.111111	  0.000000	  0.888889	
  0.888889	  0.037037	  0.000000	  0.074074	
  0.851852	  0.000000	  0.148148	  0.000000	
  0.222222	  0.259259	  0.259259	  0.259259	
  0.555556	  0.222222	  0.111111	  0.111111	

URL http://rohslab.cmb.usc.edu/TFBSshape/?tfid=36&sourceDB=jaspar

MOTIF MA0030.1 FOXF2

letter-probability matrix: alength= 4 w= 14 nsites= 27 E= 0
  0.037037	  0.370370	  0.259259	  0.333333	
  0.370370	  0.259259	  0.185185	  0.185185	
  0.629630	  0.148148	  0.074074	  0.148148	
  0.464286	  0.178571	  0.178571	  0.178571	
  0.136364	  0.500000	  0.363636	  0.000000	
  0.259259	  0.000000	  0.740741	  0.000000	
  0.000000	  0.000000	  0.000000	  1.000000	
  1.000000	  0.000000	  0.000000	  0.000000	
  1.000000	  0.000000	  0.000000	  0.000000	
  1.000000	  0.000000	  0.000000	  0.000000	
  0.000000	  0.925926	  0.000000	  0.074074	
  1.000000	  0.000000	  0.000000	  0.000000	
  0.592593	  0.148148	  0.074074	  0.185185	
  0.259259	  0.148148	  0.222222	  0.370370	

URL http://rohslab.cmb.usc.edu/TFBSshape/?tfid=37&sourceDB=jaspar

MOTIF MA0031.1 FOXD1

letter-probability matrix: alength= 4 w= 8 nsites= 20 E= 0
  0.050000	  0.050000	  0.850000	  0.050000	
  0.000000	  0.000000	  0.000000	  1.000000	
  0.950000	  0.050000	  0.000000	  0.000000	
  1.000000	  0.000000	  0.000000	  0.000000	
  0.900000	  0.050000	  0.050000	  0.000000	
  0.050000	  0.900000	  0.000000	  0.050000	
  1.000000	  0.000000	  0.000000	  0.000000	
  0.350000	  0.100000	  0.150000	  0.400000	

URL http://rohslab.cmb.usc.edu/TFBSshape/?tfid=38&sourceDB=jaspar

MOTIF MA0034.1 Gamyb

letter-probability matrix: alength= 4 w= 10 nsites= 25 E= 0
  0.160000	  0.240000	  0.440000	  0.160000	
  0.400000	  0.200000	  0.280000	  0.120000	
  0.120000	  0.520000	  0.000000	  0.360000	
  0.920000	  0.040000	  0.040000	  0.000000	
  1.000000	  0.000000	  0.000000	  0.000000	
  0.040000	  0.960000	  0.000000	  0.000000	
  0.120000	  0.560000	  0.240000	  0.080000	
  0.240000	  0.000000	  0.760000	  0.000000	
  0.400000	  0.440000	  0.000000	  0.160000	
  0.200000	  0.760000	  0.040000	  0.000000	

URL http://rohslab.cmb.usc.edu/TFBSshape/?tfid=39&sourceDB=jaspar

MOTIF MA0038.1 Gfi1

letter-probability matrix: alength= 4 w= 10 nsites= 53 E= 0
  0.169811	  0.377358	  0.169811	  0.283019	
  0.528302	  0.301887	  0.132075	  0.037736	
  1.000000	  0.000000	  0.000000	  0.000000	
  1.000000	  0.000000	  0.000000	  0.000000	
  0.018868	  0.000000	  0.018868	  0.962264	
  0.018868	  0.981132	  0.000000	  0.000000	
  0.584906	  0.132075	  0.037736	  0.245283	
  0.150943	  0.528302	  0.207547	  0.113208	
  0.358491	  0.207547	  0.037736	  0.396226	
  0.132075	  0.245283	  0.528302	  0.094340	

URL http://rohslab.cmb.usc.edu/TFBSshape/?tfid=42&sourceDB=jaspar

MOTIF MA0040.1 Foxq1

letter-probability matrix: alength= 4 w= 11 nsites= 18 E= 0
  0.222222	  0.222222	  0.166667	  0.388889	
  0.722222	  0.055556	  0.166667	  0.055556	
  0.277778	  0.111111	  0.000000	  0.611111	
  0.166667	  0.000000	  0.000000	  0.833333	
  0.000000	  0.000000	  1.000000	  0.000000	
  0.000000	  0.000000	  0.000000	  1.000000	
  0.000000	  0.000000	  0.000000	  1.000000	
  0.000000	  0.000000	  0.000000	  1.000000	
  0.944444	  0.000000	  0.055556	  0.000000	
  0.000000	  0.055556	  0.222222	  0.722222	
  0.333333	  0.000000	  0.166667	  0.500000	

URL http://rohslab.cmb.usc.edu/TFBSshape/?tfid=44&sourceDB=jaspar

MOTIF MA0041.1 Foxd3

letter-probability matrix: alength= 4 w= 12 nsites= 47 E= 0
  0.234043	  0.063830	  0.553191	  0.148936	
  0.638298	  0.042553	  0.000000	  0.319149	
  0.510638	  0.021277	  0.000000	  0.468085	
  0.021277	  0.085106	  0.000000	  0.893617	
  0.255319	  0.000000	  0.723404	  0.021277	
  0.000000	  0.000000	  0.000000	  1.000000	
  0.021277	  0.000000	  0.000000	  0.978723	
  0.106383	  0.000000	  0.212766	  0.680851	
  0.297872	  0.000000	  0.446809	  0.255319	
  0.127660	  0.148936	  0.000000	  0.723404	
  0.021277	  0.042553	  0.085106	  0.851064	
  0.000000	  0.255319	  0.000000	  0.744681	

URL http://rohslab.cmb.usc.edu/TFBSshape/?tfid=45&sourceDB=jaspar

MOTIF MA0043.1 HLF

letter-probability matrix: alength= 4 w= 12 nsites= 18 E= 0
  0.055556	  0.222222	  0.444444	  0.277778	
  0.333333	  0.000000	  0.666667	  0.000000	
  0.055556	  0.000000	  0.000000	  0.944444	
  0.000000	  0.000000	  0.166667	  0.833333	
  0.722222	  0.055556	  0.111111	  0.111111	
  0.000000	  0.833333	  0.055556	  0.111111	
  0.333333	  0.000000	  0.666667	  0.000000	
  0.000000	  0.500000	  0.000000	  0.500000	
  0.722222	  0.222222	  0.055556	  0.000000	
  0.833333	  0.000000	  0.055556	  0.111111	
  0.111111	  0.166667	  0.055556	  0.666667	
  0.277778	  0.277778	  0.166667	  0.277778	

URL http://rohslab.cmb.usc.edu/TFBSshape/?tfid=46&sourceDB=jaspar

MOTIF MA0044.1 HMG-1

letter-probability matrix: alength= 4 w= 9 nsites= 13 E= 0
  0.000000	  0.384615	  0.615385	  0.000000	
  0.000000	  0.000000	  0.230769	  0.769231	
  0.000000	  0.307692	  0.000000	  0.692308	
  0.000000	  0.153846	  0.769231	  0.076923	
  0.000000	  0.076923	  0.000000	  0.923077	
  0.461538	  0.076923	  0.230769	  0.230769	
  0.230769	  0.384615	  0.000000	  0.384615	
  0.000000	  0.076923	  0.153846	  0.769231	
  0.000000	  0.615385	  0.076923	  0.307692	

URL http://rohslab.cmb.usc.edu/TFBSshape/?tfid=47&sourceDB=jaspar

MOTIF MA0045.1 HMG-I/Y

letter-probability matrix: alength= 4 w= 16 nsites= 14 E= 0
  0.214286	  0.357143	  0.285714	  0.142857	
  0.500000	  0.000000	  0.214286	  0.285714	
  0.642857	  0.071429	  0.071429	  0.214286	
  0.214286	  0.428571	  0.285714	  0.071429	
  0.785714	  0.000000	  0.214286	  0.000000	
  0.785714	  0.000000	  0.142857	  0.071429	
  0.785714	  0.000000	  0.142857	  0.071429	
  0.214286	  0.214286	  0.142857	  0.428571	
  0.285714	  0.071429	  0.571429	  0.071429	
  0.214286	  0.285714	  0.428571	  0.071429	
  0.571429	  0.357143	  0.071429	  0.000000	
  0.571429	  0.071429	  0.285714	  0.071429	
  0.642857	  0.000000	  0.142857	  0.214286	
  0.642857	  0.357143	  0.000000	  0.000000	
  0.785714	  0.000000	  0.214286	  0.000000	
  0.142857	  0.500000	  0.000000	  0.357143	

URL http://rohslab.cmb.usc.edu/TFBSshape/?tfid=48&sourceDB=jaspar

MOTIF MA0046.1 HNF1A

letter-probability matrix: alength= 4 w= 14 nsites= 21 E= 0
  0.238095	  0.000000	  0.666667	  0.095238	
  0.047619	  0.000000	  0.952381	  0.000000	
  0.047619	  0.000000	  0.000000	  0.952381	
  0.047619	  0.000000	  0.000000	  0.952381	
  0.952381	  0.000000	  0.000000	  0.047619	
  0.761905	  0.095238	  0.047619	  0.095238	
  0.047619	  0.000000	  0.000000	  0.952381	
  0.380952	  0.095238	  0.190476	  0.333333	
  0.666667	  0.000000	  0.047619	  0.285714	
  0.095238	  0.000000	  0.000000	  0.904762	
  0.000000	  0.190476	  0.000000	  0.809524	
  0.619048	  0.047619	  0.142857	  0.190476	
  0.380952	  0.380952	  0.142857	  0.095238	
  0.238095	  0.619048	  0.000000	  0.142857	

URL http://rohslab.cmb.usc.edu/TFBSshape/?tfid=49&sourceDB=jaspar

MOTIF MA0048.1 NHLH1

letter-probability matrix: alength= 4 w= 12 nsites= 54 E= 0
  0.240741	  0.240741	  0.314815	  0.203704	
  0.240741	  0.722222	  0.037037	  0.000000	
  0.055556	  0.092593	  0.685185	  0.166667	
  0.018519	  0.981481	  0.000000	  0.000000	
  1.000000	  0.000000	  0.000000	  0.000000	
  0.018519	  0.018519	  0.962963	  0.000000	
  0.018519	  0.925926	  0.055556	  0.000000	
  0.018519	  0.018519	  0.000000	  0.962963	
  0.000000	  0.000000	  0.981481	  0.018519	
  0.055556	  0.685185	  0.148148	  0.111111	
  0.037037	  0.000000	  0.685185	  0.277778	
  0.092593	  0.314815	  0.222222	  0.370370	

URL http://rohslab.cmb.usc.edu/TFBSshape/?tfid=51&sourceDB=jaspar

MOTIF MA0049.1 hb

letter-probability matrix: alength= 4 w= 10 nsites= 16 E= 0
  0.062500	  0.312500	  0.500000	  0.125000	
  0.375000	  0.500000	  0.125000	  0.000000	
  0.562500	  0.187500	  0.250000	  0.000000	
  0.250000	  0.187500	  0.062500	  0.500000	
  0.812500	  0.062500	  0.000000	  0.125000	
  1.000000	  0.000000	  0.000000	  0.000000	
  1.000000	  0.000000	  0.000000	  0.000000	
  0.875000	  0.000000	  0.125000	  0.000000	
  0.937500	  0.062500	  0.000000	  0.000000	
  0.562500	  0.125000	  0.125000	  0.187500	

URL http://rohslab.cmb.usc.edu/TFBSshape/?tfid=52&sourceDB=jaspar

MOTIF MA0051.1 IRF2

letter-probability matrix: alength= 4 w= 18 nsites= 12 E= 0
  0.000000	  0.333333	  0.583333	  0.083333	
  0.166667	  0.000000	  0.833333	  0.000000	
  1.000000	  0.000000	  0.000000	  0.000000	
  0.916667	  0.000000	  0.000000	  0.083333	
  1.000000	  0.000000	  0.000000	  0.000000	
  0.166667	  0.000000	  0.833333	  0.000000	
  0.000000	  0.500000	  0.000000	  0.500000	
  0.000000	  0.000000	  1.000000	  0.000000	
  1.000000	  0.000000	  0.000000	  0.000000	
  1.000000	  0.000000	  0.000000	  0.000000	
  1.000000	  0.000000	  0.000000	  0.000000	
  0.000000	  0.500000	  0.500000	  0.000000	
  0.000000	  0.583333	  0.166667	  0.250000	
  0.416667	  0.166667	  0.250000	  0.166667	
  0.500000	  0.000000	  0.166667	  0.333333	
  0.500000	  0.083333	  0.083333	  0.333333	
  0.416667	  0.166667	  0.083333	  0.333333	
  0.250000	  0.500000	  0.083333	  0.166667	

URL http://rohslab.cmb.usc.edu/TFBSshape/?tfid=53&sourceDB=jaspar

MOTIF MA0053.1 MNB1A

letter-probability matrix: alength= 4 w= 5 nsites= 15 E= 0
  1.000000	  0.000000	  0.000000	  0.000000	
  1.000000	  0.000000	  0.000000	  0.000000	
  1.000000	  0.000000	  0.000000	  0.000000	
  0.000000	  0.000000	  1.000000	  0.000000	
  0.200000	  0.600000	  0.000000	  0.200000	

URL http://rohslab.cmb.usc.edu/TFBSshape/?tfid=55&sourceDB=jaspar

MOTIF MA0054.1 myb.Ph3

letter-probability matrix: alength= 4 w= 9 nsites= 70 E= 0
  0.271429	  0.042857	  0.028571	  0.657143	
  0.914286	  0.014286	  0.028571	  0.042857	
  0.900000	  0.000000	  0.028571	  0.071429	
  0.057143	  0.885714	  0.042857	  0.014286	
  0.142857	  0.385714	  0.228571	  0.242857	
  0.142857	  0.028571	  0.757143	  0.071429	
  0.185714	  0.114286	  0.000000	  0.700000	
  0.042857	  0.242857	  0.014286	  0.700000	
  0.400000	  0.014286	  0.000000	  0.585714	

URL http://rohslab.cmb.usc.edu/TFBSshape/?tfid=56&sourceDB=jaspar

MOTIF MA0056.1 MZF1_1-4

letter-probability matrix: alength= 4 w= 6 nsites= 20 E= 0
  0.150000	  0.250000	  0.200000	  0.400000	
  0.000000	  0.000000	  0.950000	  0.050000	
  0.100000	  0.000000	  0.900000	  0.000000	
  0.000000	  0.000000	  0.950000	  0.050000	
  0.000000	  0.000000	  1.000000	  0.000000	
  0.900000	  0.000000	  0.100000	  0.000000	

URL http://rohslab.cmb.usc.edu/TFBSshape/?tfid=57&sourceDB=jaspar

MOTIF MA0057.1 MZF1_5-13

letter-probability matrix: alength= 4 w= 10 nsites= 16 E= 0
  0.062500	  0.250000	  0.437500	  0.250000	
  0.125000	  0.000000	  0.437500	  0.437500	
  0.937500	  0.062500	  0.000000	  0.000000	
  0.000000	  0.000000	  0.687500	  0.312500	
  0.000000	  0.000000	  0.937500	  0.062500	
  0.000000	  0.125000	  0.875000	  0.000000	
  0.000000	  0.000000	  0.875000	  0.125000	
  0.187500	  0.062500	  0.500000	  0.250000	
  0.625000	  0.000000	  0.250000	  0.125000	
  0.500000	  0.125000	  0.250000	  0.125000	

URL http://rohslab.cmb.usc.edu/TFBSshape/?tfid=58&sourceDB=jaspar

MOTIF MA0059.1 MYC::MAX

letter-probability matrix: alength= 4 w= 11 nsites= 21 E= 0
  0.333333	  0.047619	  0.428571	  0.190476	
  0.714286	  0.047619	  0.190476	  0.047619	
  0.095238	  0.428571	  0.428571	  0.047619	
  0.047619	  0.952381	  0.000000	  0.000000	
  1.000000	  0.000000	  0.000000	  0.000000	
  0.000000	  0.952381	  0.000000	  0.047619	
  0.047619	  0.000000	  0.952381	  0.000000	
  0.000000	  0.047619	  0.000000	  0.952381	
  0.000000	  0.000000	  1.000000	  0.000000	
  0.047619	  0.047619	  0.857143	  0.047619	
  0.142857	  0.238095	  0.000000	  0.619048	

URL http://rohslab.cmb.usc.edu/TFBSshape/?tfid=60&sourceDB=jaspar

MOTIF MA0063.1 Nkx2-5

letter-probability matrix: alength= 4 w= 7 nsites= 17 E= 0
  0.411765	  0.000000	  0.058824	  0.529412	
  0.000000	  0.235294	  0.000000	  0.764706	
  1.000000	  0.000000	  0.000000	  0.000000	
  1.000000	  0.000000	  0.000000	  0.000000	
  0.000000	  0.000000	  0.411765	  0.588235	
  0.235294	  0.117647	  0.000000	  0.647059	
  0.117647	  0.058824	  0.647059	  0.176471	

URL http://rohslab.cmb.usc.edu/TFBSshape/?tfid=64&sourceDB=jaspar

MOTIF MA0064.1 PBF

letter-probability matrix: alength= 4 w= 5 nsites= 16 E= 0
  1.000000	  0.000000	  0.000000	  0.000000	
  1.000000	  0.000000	  0.000000	  0.000000	
  1.000000	  0.000000	  0.000000	  0.000000	
  0.000000	  0.000000	  1.000000	  0.000000	
  0.062500	  0.562500	  0.062500	  0.312500	

URL http://rohslab.cmb.usc.edu/TFBSshape/?tfid=65&sourceDB=jaspar

MOTIF MA0066.1 PPARG

letter-probability matrix: alength= 4 w= 20 nsites= 28 E= 0
  0.107143	  0.285714	  0.500000	  0.107143	
  0.107143	  0.000000	  0.000000	  0.892857	
  0.678571	  0.000000	  0.321429	  0.000000	
  0.000000	  0.035714	  0.964286	  0.000000	
  0.035714	  0.000000	  0.928571	  0.035714	
  0.000000	  0.035714	  0.142857	  0.821429	
  0.071429	  0.821429	  0.107143	  0.000000	
  0.928571	  0.035714	  0.000000	  0.035714	
  0.178571	  0.535714	  0.142857	  0.142857	
  0.178571	  0.250000	  0.357143	  0.214286	
  0.142857	  0.071429	  0.642857	  0.142857	
  0.035714	  0.000000	  0.071429	  0.892857	
  0.071429	  0.178571	  0.714286	  0.035714	
  0.785714	  0.178571	  0.000000	  0.035714	
  0.035714	  0.964286	  0.000000	  0.000000	
  0.000000	  0.892857	  0.000000	  0.107143	
  0.107143	  0.428571	  0.000000	  0.464286	
  0.785714	  0.178571	  0.000000	  0.035714	
  0.178571	  0.428571	  0.214286	  0.178571	
  0.250000	  0.000000	  0.035714	  0.714286	

URL http://rohslab.cmb.usc.edu/TFBSshape/?tfid=67&sourceDB=jaspar

MOTIF MA0067.1 Pax2

letter-probability matrix: alength= 4 w= 8 nsites= 31 E= 0
  0.322581	  0.225806	  0.161290	  0.290323	
  0.225806	  0.032258	  0.677419	  0.064516	
  0.096774	  0.064516	  0.000000	  0.838710	
  0.000000	  0.903226	  0.032258	  0.064516	
  0.838710	  0.032258	  0.096774	  0.032258	
  0.064516	  0.548387	  0.032258	  0.354839	
  0.064516	  0.000000	  0.612903	  0.322581	
  0.032258	  0.354839	  0.354839	  0.258065	

URL http://rohslab.cmb.usc.edu/TFBSshape/?tfid=68&sourceDB=jaspar

MOTIF MA0069.1 Pax6

letter-probability matrix: alength= 4 w= 14 nsites= 43 E= 0
  0.046512	  0.093023	  0.093023	  0.767442	
  0.046512	  0.046512	  0.000000	  0.906977	
  0.093023	  0.604651	  0.023256	  0.279070	
  0.906977	  0.046512	  0.023256	  0.023256	
  0.069767	  0.790698	  0.023256	  0.116279	
  0.023256	  0.000000	  0.953488	  0.023256	
  0.023256	  0.860465	  0.093023	  0.023256	
  0.488372	  0.046512	  0.046512	  0.418605	
  0.023256	  0.093023	  0.023256	  0.860465	
  0.046512	  0.325581	  0.581395	  0.046512	
  0.837209	  0.000000	  0.139535	  0.023256	
  0.255814	  0.255814	  0.302326	  0.186047	
  0.023256	  0.116279	  0.069767	  0.790698	
  0.023256	  0.000000	  0.395349	  0.581395	

URL http://rohslab.cmb.usc.edu/TFBSshape/?tfid=69&sourceDB=jaspar

MOTIF MA0070.1 PBX1

letter-probability matrix: alength= 4 w= 12 nsites= 18 E= 0
  0.277778	  0.333333	  0.111111	  0.277778	
  0.166667	  0.500000	  0.166667	  0.166667	
  0.888889	  0.055556	  0.055556	  0.000000	
  0.055556	  0.055556	  0.000000	  0.888889	
  0.000000	  1.000000	  0.000000	  0.000000	
  0.944444	  0.055556	  0.000000	  0.000000	
  0.944444	  0.000000	  0.000000	  0.055556	
  0.000000	  0.000000	  0.055556	  0.944444	
  0.000000	  1.000000	  0.000000	  0.000000	
  0.888889	  0.055556	  0.000000	  0.055556	
  0.666667	  0.000000	  0.055556	  0.277778	
  0.444444	  0.111111	  0.111111	  0.333333	

URL http://rohslab.cmb.usc.edu/TFBSshape/?tfid=70&sourceDB=jaspar

MOTIF MA0071.1 RORA_1

letter-probability matrix: alength= 4 w= 10 nsites= 25 E= 0
  0.600000	  0.040000	  0.080000	  0.280000	
  0.360000	  0.040000	  0.000000	  0.600000	
  0.240000	  0.480000	  0.160000	  0.120000	
  0.440000	  0.080000	  0.200000	  0.280000	
  0.840000	  0.000000	  0.160000	  0.000000	
  0.000000	  0.000000	  1.000000	  0.000000	
  0.000000	  0.000000	  1.000000	  0.000000	
  0.000000	  0.000000	  0.000000	  1.000000	
  0.000000	  1.000000	  0.000000	  0.000000	
  1.000000	  0.000000	  0.000000	  0.000000	

URL http://rohslab.cmb.usc.edu/TFBSshape/?tfid=71&sourceDB=jaspar

MOTIF MA0072.1 RORA_2

letter-probability matrix: alength= 4 w= 14 nsites= 36 E= 0
  0.250000	  0.222222	  0.222222	  0.305556	
  0.472222	  0.055556	  0.194444	  0.277778	
  0.416667	  0.000000	  0.083333	  0.500000	
  0.972222	  0.027778	  0.000000	  0.000000	
  0.638889	  0.000000	  0.000000	  0.361111	
  0.055556	  0.333333	  0.361111	  0.250000	
  0.000000	  0.000000	  0.000000	  1.000000	
  0.777778	  0.000000	  0.222222	  0.000000	
  0.000000	  0.000000	  1.000000	  0.000000	
  0.000000	  0.000000	  1.000000	  0.000000	
  0.000000	  0.000000	  0.000000	  1.000000	
  0.000000	  1.000000	  0.000000	  0.000000	
  1.000000	  0.000000	  0.000000	  0.000000	
  0.416667	  0.166667	  0.277778	  0.138889	

URL http://rohslab.cmb.usc.edu/TFBSshape/?tfid=72&sourceDB=jaspar

MOTIF MA0073.1 RREB1

letter-probability matrix: alength= 4 w= 20 nsites= 11 E= 0
  0.272727	  0.727273	  0.000000	  0.000000	
  0.090909	  0.909091	  0.000000	  0.000000	
  0.272727	  0.727273	  0.000000	  0.000000	
  0.000000	  1.000000	  0.000000	  0.000000	
  0.636364	  0.363636	  0.000000	  0.000000	
  0.818182	  0.181818	  0.000000	  0.000000	
  0.727273	  0.272727	  0.000000	  0.000000	
  0.363636	  0.545455	  0.000000	  0.090909	
  0.000000	  1.000000	  0.000000	  0.000000	
  1.000000	  0.000000	  0.000000	  0.000000	
  0.363636	  0.636364	  0.000000	  0.000000	
  0.090909	  0.909091	  0.000000	  0.000000	
  0.272727	  0.727273	  0.000000	  0.000000	
  0.363636	  0.545455	  0.090909	  0.000000	
  0.181818	  0.818182	  0.000000	  0.000000	
  0.363636	  0.454545	  0.000000	  0.181818	
  0.363636	  0.454545	  0.090909	  0.090909	
  0.363636	  0.545455	  0.000000	  0.090909	
  0.090909	  0.636364	  0.272727	  0.000000	
  0.363636	  0.363636	  0.181818	  0.090909	

URL http://rohslab.cmb.usc.edu/TFBSshape/?tfid=73&sourceDB=jaspar

MOTIF MA0074.1 RXRA::VDR

letter-probability matrix: alength= 4 w= 15 nsites= 10 E= 0
  0.300000	  0.000000	  0.700000	  0.000000	
  0.000000	  0.000000	  1.000000	  0.000000	
  0.000000	  0.000000	  0.900000	  0.100000	
  0.000000	  0.000000	  0.000000	  1.000000	
  0.000000	  0.900000	  0.000000	  0.100000	
  0.900000	  0.000000	  0.100000	  0.000000	
  0.400000	  0.200000	  0.000000	  0.400000	
  0.200000	  0.400000	  0.200000	  0.200000	
  0.200000	  0.000000	  0.800000	  0.000000	
  0.500000	  0.000000	  0.500000	  0.000000	
  0.000000	  0.000000	  1.000000	  0.000000	
  0.000000	  0.000000	  0.000000	  1.000000	
  0.100000	  0.000000	  0.000000	  0.900000	
  0.000000	  0.900000	  0.000000	  0.100000	
  0.700000	  0.100000	  0.200000	  0.000000	

URL http://rohslab.cmb.usc.edu/TFBSshape/?tfid=74&sourceDB=jaspar

MOTIF MA0075.1 Prrx2

letter-probability matrix: alength= 4 w= 5 nsites= 59 E= 0
  0.881356	  0.033898	  0.067797	  0.016949	
  1.000000	  0.000000	  0.000000	  0.000000	
  0.000000	  0.000000	  0.016949	  0.983051	
  0.000000	  0.000000	  0.000000	  1.000000	
  0.983051	  0.000000	  0.016949	  0.000000	

URL http://rohslab.cmb.usc.edu/TFBSshape/?tfid=75&sourceDB=jaspar

MOTIF MA0077.1 SOX9

letter-probability matrix: alength= 4 w= 9 nsites= 76 E= 0
  0.039474	  0.723684	  0.118421	  0.118421	
  0.105263	  0.500000	  0.078947	  0.315789	
  0.934211	  0.013158	  0.000000	  0.052632	
  0.026316	  0.013158	  0.026316	  0.934211	
  0.092105	  0.000000	  0.052632	  0.855263	
  0.026316	  0.026316	  0.947368	  0.000000	
  0.171053	  0.000000	  0.052632	  0.776316	
  0.118421	  0.092105	  0.078947	  0.710526	
  0.184211	  0.407895	  0.092105	  0.315789	

URL http://rohslab.cmb.usc.edu/TFBSshape/?tfid=77&sourceDB=jaspar

MOTIF MA0078.1 Sox17

letter-probability matrix: alength= 4 w= 9 nsites= 31 E= 0
  0.225806	  0.290323	  0.193548	  0.290323	
  0.258065	  0.258065	  0.129032	  0.354839	
  0.096774	  0.580645	  0.032258	  0.290323	
  0.967742	  0.000000	  0.000000	  0.032258	
  0.000000	  0.032258	  0.000000	  0.967742	
  0.000000	  0.000000	  0.000000	  1.000000	
  0.000000	  0.000000	  1.000000	  0.000000	
  0.000000	  0.000000	  0.064516	  0.935484	
  0.000000	  0.548387	  0.322581	  0.129032	

URL http://rohslab.cmb.usc.edu/TFBSshape/?tfid=78&sourceDB=jaspar

MOTIF MA0081.1 SPIB

letter-probability matrix: alength= 4 w= 7 nsites= 49 E= 0
  0.632653	  0.000000	  0.000000	  0.367347	
  0.081633	  0.285714	  0.591837	  0.040816	
  0.489796	  0.326531	  0.142857	  0.040816	
  0.040816	  0.000000	  0.959184	  0.000000	
  0.020408	  0.000000	  0.959184	  0.020408	
  0.979592	  0.000000	  0.000000	  0.020408	
  0.959184	  0.000000	  0.000000	  0.040816	

URL http://rohslab.cmb.usc.edu/TFBSshape/?tfid=81&sourceDB=jaspar

MOTIF MA0082.1 squamosa

letter-probability matrix: alength= 4 w= 14 nsites= 30 E= 0
  0.366667	  0.466667	  0.033333	  0.133333	
  0.000000	  0.733333	  0.000000	  0.266667	
  0.800000	  0.000000	  0.133333	  0.066667	
  0.533333	  0.066667	  0.033333	  0.366667	
  0.766667	  0.000000	  0.000000	  0.233333	
  0.566667	  0.000000	  0.000000	  0.433333	
  0.800000	  0.033333	  0.000000	  0.166667	
  0.266667	  0.000000	  0.033333	  0.700000	
  0.466667	  0.033333	  0.500000	  0.000000	
  0.033333	  0.033333	  0.933333	  0.000000	
  0.466667	  0.166667	  0.033333	  0.333333	
  0.833333	  0.166667	  0.000000	  0.000000	
  0.700000	  0.066667	  0.100000	  0.133333	
  0.233333	  0.166667	  0.266667	  0.333333	

URL http://rohslab.cmb.usc.edu/TFBSshape/?tfid=82&sourceDB=jaspar

MOTIF MA0084.1 SRY

letter-probability matrix: alength= 4 w= 9 nsites= 28 E= 0
  0.178571	  0.178571	  0.357143	  0.285714	
  0.285714	  0.107143	  0.142857	  0.464286	
  0.535714	  0.000000	  0.107143	  0.357143	
  0.642857	  0.107143	  0.107143	  0.142857	
  0.892857	  0.000000	  0.000000	  0.107143	
  0.000000	  0.928571	  0.000000	  0.071429	
  1.000000	  0.000000	  0.000000	  0.000000	
  0.964286	  0.000000	  0.035714	  0.000000	
  0.250000	  0.000000	  0.071429	  0.678571	

URL http://rohslab.cmb.usc.edu/TFBSshape/?tfid=84&sourceDB=jaspar

MOTIF MA0085.1 Su(H)

letter-probability matrix: alength= 4 w= 16 nsites= 10 E= 0
  0.100000	  0.300000	  0.300000	  0.300000	
  0.000000	  0.400000	  0.000000	  0.600000	
  0.000000	  0.000000	  1.000000	  0.000000	
  0.000000	  0.000000	  0.000000	  1.000000	
  0.000000	  0.000000	  1.000000	  0.000000	
  0.300000	  0.000000	  0.700000	  0.000000	
  0.000000	  0.000000	  1.000000	  0.000000	
  1.000000	  0.000000	  0.000000	  0.000000	
  1.000000	  0.000000	  0.000000	  0.000000	
  0.500000	  0.500000	  0.000000	  0.000000	
  0.100000	  0.700000	  0.100000	  0.100000	
  0.100000	  0.200000	  0.400000	  0.300000	
  0.400000	  0.200000	  0.200000	  0.200000	
  0.300000	  0.100000	  0.400000	  0.200000	
  0.400000	  0.300000	  0.200000	  0.100000	
  0.200000	  0.100000	  0.200000	  0.500000	

URL http://rohslab.cmb.usc.edu/TFBSshape/?tfid=85&sourceDB=jaspar

MOTIF MA0086.1 sna

letter-probability matrix: alength= 4 w= 6 nsites= 40 E= 0
  0.000000	  0.975000	  0.025000	  0.000000	
  0.975000	  0.000000	  0.000000	  0.025000	
  0.075000	  0.000000	  0.925000	  0.000000	
  0.050000	  0.000000	  0.950000	  0.000000	
  0.000000	  0.000000	  0.000000	  1.000000	
  0.000000	  0.000000	  0.950000	  0.050000	

URL http://rohslab.cmb.usc.edu/TFBSshape/?tfid=86&sourceDB=jaspar

MOTIF MA0087.1 Sox5

letter-probability matrix: alength= 4 w= 7 nsites= 23 E= 0
  1.000000	  0.000000	  0.000000	  0.000000	
  0.000000	  0.000000	  0.043478	  0.956522	
  0.000000	  0.000000	  0.000000	  1.000000	
  0.043478	  0.000000	  0.956522	  0.000000	
  0.000000	  0.043478	  0.000000	  0.956522	
  0.043478	  0.043478	  0.000000	  0.913043	
  0.347826	  0.130435	  0.173913	  0.347826	

URL http://rohslab.cmb.usc.edu/TFBSshape/?tfid=87&sourceDB=jaspar

MOTIF MA0088.1 znf143

letter-probability matrix: alength= 4 w= 20 nsites= 10 E= 0
  0.000000	  0.300000	  0.400000	  0.300000	
  0.600000	  0.200000	  0.100000	  0.100000	
  0.200000	  0.300000	  0.100000	  0.400000	
  0.000000	  0.300000	  0.200000	  0.500000	
  0.200000	  0.100000	  0.000000	  0.700000	
  0.100000	  0.700000	  0.000000	  0.200000	
  0.000000	  1.000000	  0.000000	  0.000000	
  0.000000	  1.000000	  0.000000	  0.000000	
  0.900000	  0.100000	  0.000000	  0.000000	
  0.000000	  0.100000	  0.400000	  0.500000	
  0.400000	  0.400000	  0.200000	  0.000000	
  0.600000	  0.200000	  0.200000	  0.000000	
  0.000000	  0.000000	  0.100000	  0.900000	
  0.000000	  0.100000	  0.600000	  0.300000	
  0.000000	  1.000000	  0.000000	  0.000000	
  0.400000	  0.500000	  0.000000	  0.100000	
  0.300000	  0.100000	  0.100000	  0.500000	
  0.200000	  0.300000	  0.000000	  0.500000	
  0.100000	  0.100000	  0.700000	  0.100000	
  0.300000	  0.600000	  0.100000	  0.000000	

URL http://rohslab.cmb.usc.edu/TFBSshape/?tfid=88&sourceDB=jaspar

MOTIF MA0089.1 NFE2L1::MafG

letter-probability matrix: alength= 4 w= 6 nsites= 34 E= 0
  0.205882	  0.323529	  0.294118	  0.176471	
  0.852941	  0.058824	  0.088235	  0.000000	
  0.000000	  0.000000	  0.000000	  1.000000	
  0.029412	  0.000000	  0.941176	  0.029412	
  1.000000	  0.000000	  0.000000	  0.000000	
  0.000000	  0.764706	  0.058824	  0.176471	

URL http://rohslab.cmb.usc.edu/TFBSshape/?tfid=89&sourceDB=jaspar

MOTIF MA0091.1 TAL1::TCF3

letter-probability matrix: alength= 4 w= 12 nsites= 44 E= 0
  0.295455	  0.318182	  0.181818	  0.204545	
  0.204545	  0.227273	  0.454545	  0.113636	
  0.886364	  0.000000	  0.068182	  0.045455	
  0.454545	  0.545455	  0.000000	  0.000000	
  0.000000	  0.977273	  0.022727	  0.000000	
  1.000000	  0.000000	  0.000000	  0.000000	
  0.000000	  0.022727	  0.250000	  0.727273	
  0.272727	  0.727273	  0.000000	  0.000000	
  0.000000	  0.000000	  0.000000	  1.000000	
  0.000000	  0.000000	  0.977273	  0.022727	
  0.000000	  0.068182	  0.454545	  0.477273	
  0.090909	  0.090909	  0.045455	  0.772727	

URL http://rohslab.cmb.usc.edu/TFBSshape/?tfid=90&sourceDB=jaspar

MOTIF MA0092.1 Hand1::Tcfe2a

letter-probability matrix: alength= 4 w= 10 nsites= 29 E= 0
  0.137931	  0.275862	  0.344828	  0.241379	
  0.344828	  0.000000	  0.517241	  0.137931	
