MEME version 4

ALPHABET= ACGT

strands: + -

Background letter frequencies (from uniform background):
A 0.25000 C 0.25000 G 0.25000 T 0.25000 

MOTIF M0718_1.02 (PTSG_00908)_(Homo_sapiens)_(DBD_0.43)

letter-probability matrix: alength= 4 w= 10 nsites= 1 E= 0
  0.364427	  0.172143	  0.259388	  0.204042	
  0.192073	  0.241743	  0.201921	  0.364263	
  0.281319	  0.128958	  0.507496	  0.082227	
  0.241794	  0.114216	  0.116523	  0.527467	
  0.557937	  0.300139	  0.050615	  0.091309	
  0.662656	  0.166710	  0.045890	  0.124743	
  0.823562	  0.052649	  0.065604	  0.058186	
  0.058280	  0.682155	  0.018454	  0.241111	
  0.764554	  0.054017	  0.078988	  0.102442	
  0.403726	  0.208666	  0.159291	  0.228317	

URL http://cisbp.ccbr.utoronto.ca/TFreport.php?searchTF=T080805_1.02

MOTIF M0723_1.02 (PTSG_02160)_(Mus_musculus)_(DBD_0.46)

letter-probability matrix: alength= 4 w= 10 nsites= 1 E= 0
  0.304424	  0.223279	  0.262020	  0.210276	
  0.213777	  0.233909	  0.245902	  0.306412	
  0.293934	  0.159709	  0.385043	  0.161314	
  0.246234	  0.175262	  0.129837	  0.448667	
  0.528194	  0.286995	  0.062145	  0.122666	
  0.598965	  0.187767	  0.067034	  0.146233	
  0.718961	  0.066540	  0.146615	  0.067884	
  0.033458	  0.590092	  0.077500	  0.298951	
  0.671272	  0.049858	  0.121410	  0.157460	
  0.326891	  0.210530	  0.210530	  0.252050	

URL http://cisbp.ccbr.utoronto.ca/TFreport.php?searchTF=T080807_1.02

MOTIF M0726_1.02 (PTSG_00936)_(Mus_musculus)_(DBD_0.52)

letter-probability matrix: alength= 4 w= 10 nsites= 1 E= 0
  0.272342	  0.213287	  0.238265	  0.276106	
  0.383328	  0.071216	  0.521888	  0.023568	
  0.117428	  0.105265	  0.021002	  0.756305	
  0.834939	  0.152266	  0.000007	  0.012788	
  0.908292	  0.059096	  0.002967	  0.029645	
  0.977393	  0.014489	  0.001628	  0.006490	
  0.001282	  0.843632	  0.000001	  0.155085	
  0.965165	  0.012083	  0.006831	  0.015922	
  0.479654	  0.164189	  0.114694	  0.241463	
  0.417043	  0.185221	  0.142285	  0.255451	

URL http://cisbp.ccbr.utoronto.ca/TFreport.php?searchTF=T080806_1.02

MOTIF M0736_1.02 (PTSG_10744)_(Mus_musculus)_(DBD_0.49)

letter-probability matrix: alength= 4 w= 8 nsites= 1 E= 0
  0.309467	  0.142959	  0.547336	  0.000238	
  0.295052	  0.000164	  0.000164	  0.704620	
  0.619510	  0.295749	  0.000141	  0.084600	
  0.888534	  0.069545	  0.000139	  0.041782	
  0.999584	  0.000139	  0.000139	  0.000139	
  0.000139	  0.957940	  0.000139	  0.041782	
  0.999572	  0.000143	  0.000143	  0.000143	
  0.660068	  0.132164	  0.056750	  0.151018	

URL http://cisbp.ccbr.utoronto.ca/TFreport.php?searchTF=T080811_1.02

MOTIF M1528_1.02 (PTSG_00258)_(Mus_musculus)_(DBD_0.59)

letter-probability matrix: alength= 4 w= 10 nsites= 1 E= 0
  0.197054	  0.369991	  0.263349	  0.169606	
  0.065864	  0.656936	  0.168610	  0.108591	
  0.308958	  0.265923	  0.156524	  0.268595	
  0.134548	  0.150193	  0.135900	  0.579359	
  0.429537	  0.091168	  0.451560	  0.027735	
  0.273736	  0.064210	  0.621518	  0.040535	
  0.195662	  0.476462	  0.050219	  0.277657	
  0.505373	  0.035350	  0.195449	  0.263828	
  0.811192	  0.082972	  0.062085	  0.043751	
  0.023718	  0.876757	  0.027556	  0.071969	

URL http://cisbp.ccbr.utoronto.ca/TFreport.php?searchTF=T138622_1.02

MOTIF M1534_1.02 (PTSG_10225)_(Caenorhabditis_elegans)_(DBD_0.69)

letter-probability matrix: alength= 4 w= 10 nsites= 1 E= 0
  0.025375	  0.883392	  0.084248	  0.006985	
  0.324584	  0.308754	  0.111335	  0.255327	
  0.007219	  0.023966	  0.009085	  0.959730	
  0.777114	  0.029241	  0.189727	  0.003918	
  0.163732	  0.002939	  0.827350	  0.005979	
  0.059305	  0.701133	  0.003829	  0.235732	
  0.669900	  0.001255	  0.168532	  0.160313	
  0.998653	  0.000227	  0.000452	  0.000668	
  0.002016	  0.993346	  0.003099	  0.001539	
  0.141587	  0.489270	  0.344783	  0.024359	

URL http://cisbp.ccbr.utoronto.ca/TFreport.php?searchTF=T138625_1.02

MOTIF M2308_1.02 (PTSG_03724)_(Mus_musculus)_(DBD_0.46)

letter-probability matrix: alength= 4 w= 14 nsites= 1 E= 0
  0.135641	  0.073433	  0.716558	  0.074369	
  0.027128	  0.103835	  0.176333	  0.692703	
  0.067820	  0.389616	  0.061272	  0.481291	
  0.196913	  0.202526	  0.356408	  0.244153	
  0.017306	  0.817587	  0.044902	  0.120206	
  0.000000	  0.957905	  0.000000	  0.042095	
  0.586529	  0.188026	  0.034144	  0.191300	
  0.064546	  0.053789	  0.044902	  0.836763	
  0.282507	  0.000000	  0.717493	  0.000000	
  0.086997	  0.000000	  0.913003	  0.000000	
  0.134238	  0.799813	  0.005613	  0.060337	
  0.838634	  0.000000	  0.114125	  0.047240	
  0.973807	  0.000000	  0.026193	  0.000000	
  0.000000	  1.000000	  0.000000	  0.000000	

URL http://cisbp.ccbr.utoronto.ca/TFreport.php?searchTF=T138624_1.02

MOTIF M5616_1.02 (PTSG_10291)_(Homo_sapiens)_(DBD_0.71)

letter-probability matrix: alength= 4 w= 12 nsites= 1 E= 0
  0.371513	  0.019313	  0.473712	  0.135461	
  0.005660	  0.990566	  0.000000	  0.003774	
  0.000000	  0.007874	  0.000000	  0.992126	
  0.995261	  0.000000	  0.000000	  0.004739	
  0.474302	  0.000635	  0.000000	  0.525063	
  0.813533	  0.000000	  0.003099	  0.183368	
  0.955124	  0.000910	  0.000606	  0.043360	
  0.985915	  0.000000	  0.000000	  0.014085	
  0.000000	  0.000000	  0.000000	  1.000000	
  0.997467	  0.000950	  0.000633	  0.000950	
  0.029969	  0.005810	  0.963303	  0.000917	
  0.269702	  0.569223	  0.026358	  0.134718	

URL http://cisbp.ccbr.utoronto.ca/TFreport.php?searchTF=T110984_1.02

MOTIF M6166_1.02 (PTSG_09300)_(Homo_sapiens)_(DBD_0.88)

letter-probability matrix: alength= 4 w= 15 nsites= 1 E= 0
  0.475000	  0.175000	  0.275000	  0.075000	
  0.300000	  0.100000	  0.000000	  0.600000	
  0.000000	  0.100000	  0.100000	  0.800000	
  0.700000	  0.000000	  0.100000	  0.200000	
  0.100000	  0.300000	  0.000000	  0.600000	
  0.300000	  0.000000	  0.600000	  0.100000	
  0.200000	  0.000000	  0.000000	  0.800000	
  0.000000	  0.100000	  0.000000	  0.900000	
  0.900000	  0.000000	  0.000000	  0.100000	
  0.600000	  0.200000	  0.000000	  0.200000	
  0.600000	  0.300000	  0.100000	  0.000000	
  0.300000	  0.100000	  0.100000	  0.500000	
  0.000000	  0.800000	  0.000000	  0.200000	
  0.400000	  0.400000	  0.200000	  0.000000	
  0.050000	  0.650000	  0.150000	  0.150000	

URL http://cisbp.ccbr.utoronto.ca/TFreport.php?searchTF=T116027_1.02

