MEME version 4

ALPHABET= ACGT

strands: + -

Background letter frequencies (from uniform background):
A 0.25000 C 0.25000 G 0.25000 T 0.25000 

MOTIF M0120_1.02 (THAPSDRAFT_11588)_(Brachypodium_distachyon)_(DBD_0.50)

letter-probability matrix: alength= 4 w= 9 nsites= 1 E= 0
  0.272464	  0.249013	  0.236869	  0.241654	
  0.261998	  0.275431	  0.237066	  0.225504	
  0.238381	  0.240777	  0.294086	  0.226755	
  0.286283	  0.225198	  0.256462	  0.232057	
  0.594823	  0.008570	  0.343183	  0.053424	
  0.349996	  0.216572	  0.014410	  0.419022	
  0.394922	  0.092637	  0.162177	  0.350264	
  0.379104	  0.115332	  0.192061	  0.313504	
  0.355375	  0.183676	  0.195034	  0.265914	

URL http://cisbp.ccbr.utoronto.ca/TFreport.php?searchTF=T008765_1.02

MOTIF M0145_1.02 (THAPSDRAFT_24106)_(Medicago_truncatula)_(DBD_0.62)

letter-probability matrix: alength= 4 w= 8 nsites= 1 E= 0
  0.839058	  0.000399	  0.120208	  0.040335	
  0.881610	  0.000294	  0.000294	  0.117803	
  0.832686	  0.000277	  0.000277	  0.166759	
  0.693951	  0.000277	  0.000277	  0.305494	
  0.166759	  0.000277	  0.000277	  0.832686	
  0.832686	  0.000277	  0.000277	  0.166759	
  0.764101	  0.029671	  0.000294	  0.205934	
  0.185281	  0.037352	  0.000370	  0.776997	

URL http://cisbp.ccbr.utoronto.ca/TFreport.php?searchTF=T008766_1.02

MOTIF M1369_1.02 THAPSDRAFT_24118

letter-probability matrix: alength= 4 w= 9 nsites= 1 E= 0
  0.228356	  0.249861	  0.240064	  0.281718	
  0.263420	  0.229006	  0.213524	  0.294050	
  0.339244	  0.231996	  0.118714	  0.310046	
  0.347213	  0.119097	  0.357787	  0.175904	
  0.136270	  0.082652	  0.674951	  0.106127	
  0.641759	  0.144635	  0.150538	  0.063068	
  0.015815	  0.016625	  0.003710	  0.963850	
  0.366729	  0.271679	  0.152113	  0.209479	
  0.155506	  0.374910	  0.191844	  0.277740	

URL http://cisbp.ccbr.utoronto.ca/TFreport.php?searchTF=T120826_1.02

